date,stock_id,s_prev,s_sell,s_buy,s_ret,s_balance,s_limit,sbl_prev,sbl_sell,sbl_return,sbl_adj,sbl_balance,sbl_limit,note
2015-08-18,006201,0,0,0,0,0,7111500,0,0,0,0,0,11411,
2015-08-18,1258,53000,1000,19000,0,35000,8500000,0,0,0,0,0,109880,
2015-08-18,1259,0,0,0,0,0,8097375,0,0,0,0,0,2282,
2015-08-18,1264,0,0,0,0,0,7658175,0,0,0,0,0,9866,Y
2015-08-18,1333,0,0,0,0,0,21275156,0,0,0,0,0,17134,X
2015-08-18,1336,38000,0,6000,0,32000,15688307,0,0,0,0,0,16020,
2015-08-18,1565,24000,5000,1000,0,28000,12604129,1344000,0,0,0,1344000,46361,
2015-08-18,1566,66000,1000,17000,0,50000,16716757,0,0,0,0,0,137393,
2015-08-18,1569,7000,0,0,0,7000,23446186,245000,0,0,0,245000,24285,
2015-08-18,1570,121000,12000,2000,0,131000,12875209,0,0,0,0,0,179555,
2015-08-18,1580,0,0,0,0,0,11895008,55100,0,0,0,55100,16614,X
2015-08-18,1584,12000,4000,2000,0,14000,25867633,99000,0,0,0,99000,191069,
2015-08-18,1586,66000,2000,0,0,68000,11660818,0,0,0,0,0,25941,
2015-08-18,1593,1000,4000,0,0,5000,7575140,0,0,0,0,0,7186,
2015-08-18,1595,0,1000,0,0,1000,9671862,161000,0,0,0,161000,13385,
2015-08-18,1597,3000,0,1000,0,2000,14808449,0,0,0,0,0,15193,
2015-08-18,1599,10000,6000,1000,0,15000,11245130,0,0,0,0,0,39153,
2015-08-18,1742,205000,0,23000,0,182000,16172631,6000,0,0,0,6000,47150,
2015-08-18,1752,538000,64000,50000,20000,532000,22808764,156000,0,55000,0,101000,496455,
2015-08-18,1777,7000,0,0,0,7000,7514887,10000,0,0,0,10000,65735,
2015-08-18,1781,183000,14000,11000,0,186000,11851901,127000,0,0,0,127000,127785,
2015-08-18,1784,10000,0,5000,0,5000,12422231,152750,0,0,0,152750,44287,
2015-08-18,1785,114000,3000,1000,0,116000,102141086,746484,0,0,0,746484,81670,
2015-08-18,1787,72000,6000,20000,0,58000,18001126,0,0,0,0,0,86056,
2015-08-18,1788,5000,0,0,0,5000,8750000,110000,0,0,0,110000,11979,
2015-08-18,1795,2251000,345000,215000,0,2381000,21847936,3501000,0,0,0,3501000,772848,
2015-08-18,1799,224000,19000,28000,0,215000,9771445,59000,0,0,0,59000,287214,
2015-08-18,1813,0,0,0,0,0,11658877,0,0,0,0,0,7002,
2015-08-18,1815,57000,4000,22000,0,39000,104389327,5929869,1000,0,0,5930869,275707,
2015-08-18,2035,0,0,0,0,0,87500000,0,0,0,0,0,5148,
2015-08-18,2061,0,0,0,0,0,15537019,0,0,0,0,0,22223,Y
2015-08-18,2063,0,0,0,0,0,10817241,0,0,0,0,0,4197,
2015-08-18,2064,0,0,0,0,0,17500000,0,0,0,0,0,5932,
2015-08-18,2066,21000,8000,9000,0,20000,9010042,0,0,0,0,0,56396,
2015-08-18,2221,3000,1000,0,0,4000,10606250,0,0,0,0,0,18591,
2015-08-18,2230,11000,0,0,0,11000,9904334,0,0,0,0,0,7603,
2015-08-18,2233,65000,1000,3000,0,63000,12303691,911000,0,0,0,911000,97614,
2015-08-18,2235,2000,1000,0,0,3000,7969500,11000,0,0,0,11000,15648,
2015-08-18,2596,0,0,0,0,0,20682881,0,0,0,0,0,5233,
2015-08-18,2636,22000,5000,1000,0,26000,25218963,353000,0,0,0,353000,110708,
2015-08-18,2640,0,8000,0,0,8000,10529624,0,0,0,0,0,22139,
2015-08-18,2641,0,0,0,0,0,29885955,0,0,0,0,0,11872,
2015-08-18,2719,0,0,0,0,0,9073000,0,0,0,0,0,14808,
2015-08-18,2724,0,0,0,0,0,9543072,0,0,0,0,0,7921,
2015-08-18,2729,0,0,0,0,0,5816500,48000,0,0,0,48000,6047,Y
2015-08-18,2734,0,0,0,0,0,6521500,0,0,0,0,0,3925,Y
2015-08-18,2916,2000,0,0,0,2000,11609219,0,0,0,0,0,7308,
2015-08-18,2924,70000,2000,0,0,72000,8776293,0,0,0,0,0,13087,
2015-08-18,2926,0,0,0,0,0,11283250,0,0,0,0,0,3420,
2015-08-18,3064,71000,59000,5000,0,125000,18151285,101000,0,0,0,101000,11202,
2015-08-18,3066,0,0,0,0,0,19392653,0,0,0,0,0,1451,X
2015-08-18,3068,10000,0,0,0,10000,21356001,365800,0,0,0,365800,28804,
2015-08-18,3071,15000,0,3000,0,12000,36516969,0,0,0,0,0,25129,
2015-08-18,3073,0,0,0,0,0,5963414,0,0,0,0,0,3883,X
2015-08-18,3078,133000,25000,2000,0,156000,56847766,694000,0,0,0,694000,185255,
2015-08-18,3081,0,0,0,0,0,15197773,0,0,0,0,0,422733,Y
2015-08-18,3083,303000,57000,27000,0,333000,21426089,388000,0,0,0,388000,66167,
2015-08-18,3085,0,0,0,0,0,12251122,0,0,0,0,0,17816,X
2015-08-18,3086,0,0,0,0,0,14952935,0,0,0,0,0,24070,X
2015-08-18,3088,20000,5000,1000,0,24000,19701758,15000,0,0,0,15000,49275,
2015-08-18,3089,2615000,1337000,322000,0,3630000,17332615,668000,0,0,0,668000,197861,
2015-08-18,3092,13000,0,9000,0,4000,15956172,0,0,0,0,0,28655,
2015-08-18,3093,0,0,0,0,0,9072223,0,0,0,0,0,1699,
2015-08-18,3095,0,0,0,0,0,22515118,0,0,0,0,0,93356,X
2015-08-18,3114,0,0,0,0,0,12503422,10000,0,0,0,10000,9024,
2015-08-18,3118,1000,0,0,0,1000,8113215,0,0,0,0,0,12032,
2015-08-18,3122,0,0,0,0,0,9882733,0,0,0,0,0,38639,
2015-08-18,3128,245000,0,2000,0,243000,10500000,0,0,0,0,0,30841,
2015-08-18,3131,0,0,0,0,0,6170960,0,0,0,0,0,86146,Y
2015-08-18,3141,333000,26000,32000,0,327000,25783978,0,0,0,0,0,292551,
2015-08-18,3144,0,0,0,0,0,25159437,50000,0,0,0,50000,12177,
2015-08-18,3152,388000,142000,55000,0,475000,17254050,240000,39000,0,0,279000,327686,
2015-08-18,3162,0,0,0,0,0,14132835,0,0,0,0,0,3211,X
2015-08-18,3163,3124000,61000,302000,0,2883000,18231620,1105000,0,596000,0,509000,471322,
2015-08-18,3169,312000,1000,13000,0,300000,12939730,0,0,0,0,0,58544,
2015-08-18,3171,0,0,0,0,0,9800878,0,0,0,0,0,16890,X
2015-08-18,3176,0,0,0,0,0,34671376,2381362,0,0,0,2381362,219738,Y
2015-08-18,3188,0,0,0,0,0,11531405,0,0,0,0,0,3254,X
2015-08-18,3191,1796000,21000,88000,0,1729000,13673690,192000,0,0,0,192000,177083,
2015-08-18,3202,0,0,0,0,0,24171798,0,0,0,0,0,121901,
2015-08-18,3205,0,0,0,0,0,6327581,0,0,0,0,0,172313,Y
2015-08-18,3206,103000,8000,27000,0,84000,10384762,7000,0,0,0,7000,145651,
2015-08-18,3207,0,0,0,0,0,9564806,0,0,0,0,0,4787,X
2015-08-18,3211,481000,25000,51000,0,455000,37992130,2012000,10000,4000,0,2018000,104902,
2015-08-18,3213,9000,0,0,0,9000,14671386,0,0,0,0,0,30665,
2015-08-18,3217,10000,0,8000,0,2000,21014800,0,0,0,0,0,21791,
2015-08-18,3218,12000,0,0,0,12000,16530750,50000,0,0,0,50000,62997,
2015-08-18,3219,0,0,0,0,0,4225104,0,0,0,0,0,2156,X
2015-08-18,3221,99000,0,4000,0,95000,21547515,0,0,0,0,0,120167,
2015-08-18,3224,1056000,4000,7000,0,1053000,10000000,21000,0,0,0,21000,209231,
2015-08-18,3226,0,0,0,0,0,6305643,0,0,0,0,0,3177,
2015-08-18,3227,0,0,0,0,0,32860048,1737090,0,0,0,1737090,532055,X
2015-08-18,3230,4000,0,0,0,4000,27436631,32000,0,0,0,32000,33564,
2015-08-18,3232,18000,0,0,0,18000,7891966,0,0,0,0,0,9201,
2015-08-18,3234,4589000,139000,209000,2000,4517000,25967972,395000,182000,0,0,577000,1962871,
2015-08-18,3236,8000,0,1000,0,7000,14307917,0,0,0,0,0,43689,
2015-08-18,3252,0,0,0,0,0,5427119,0,0,0,0,0,15889,
2015-08-18,3259,0,0,0,0,0,16908388,0,0,0,0,0,27685,X
2015-08-18,3260,3061000,89000,160000,0,2990000,57493343,7957847,190000,5000,0,8142847,287777,
2015-08-18,3264,128000,30000,14000,0,144000,119042683,2209268,0,0,0,2209268,497259,
2015-08-18,3265,73000,1000,10000,0,64000,34065414,15000,0,0,0,15000,132001,
2015-08-18,3272,263000,60000,32000,0,291000,9405937,362000,0,0,0,362000,156612,
2015-08-18,3276,0,0,0,0,0,17428166,0,0,0,0,0,17550,
2015-08-18,3284,113000,0,0,0,113000,15165947,0,0,0,0,0,27530,
2015-08-18,3285,122000,13000,24000,0,111000,11027331,0,0,0,0,0,155458,
2015-08-18,3287,5000,0,2000,0,3000,10992620,0,0,0,0,0,7590,
2015-08-18,3288,0,0,0,0,0,12118787,0,0,0,0,0,2998,X
2015-08-18,3289,520000,32000,106000,0,446000,11617509,1000,0,0,0,1000,694455,
2015-08-18,3290,1000,1000,0,0,2000,24887231,219000,0,0,0,219000,25333,
2015-08-18,3291,0,0,0,0,0,8890350,42000,0,0,0,42000,6992,
2015-08-18,3293,336000,7000,114000,48000,181000,17416722,268000,0,0,0,268000,207370,X
2015-08-18,3294,112000,0,6000,0,106000,32541229,382000,0,0,0,382000,152107,
2015-08-18,3297,20000,0,0,0,20000,9199686,0,0,0,0,0,43320,
2015-08-18,3299,64000,2000,1000,0,65000,12596346,0,0,0,0,0,57412,
2015-08-18,3303,58000,0,0,0,58000,25583901,0,0,0,0,0,53987,
2015-08-18,3306,0,0,0,0,0,12651925,0,0,0,0,0,14043,
2015-08-18,3310,13000,2000,3000,0,12000,13385427,0,0,0,0,0,8125,
2015-08-18,3313,2000,2000,0,0,4000,15097694,0,0,0,0,0,20370,
2015-08-18,3317,1000,0,0,0,1000,15312887,0,0,0,0,0,24292,
2015-08-18,3322,6000,0,0,0,6000,21326657,0,0,0,0,0,14945,
2015-08-18,3323,22000,0,0,0,22000,23747478,236000,0,0,0,236000,108667,
2015-08-18,3324,31000,2000,1000,0,32000,17784061,0,0,0,0,0,45662,
2015-08-18,3325,91000,11000,4000,0,98000,18688122,78000,0,0,0,78000,45737,
2015-08-18,3332,0,0,0,0,0,12026061,0,0,0,0,0,889,
2015-08-18,3339,0,0,0,0,0,44326210,15000,0,0,0,15000,16760,X
2015-08-18,3354,0,0,0,0,0,20621301,0,0,0,0,0,2669,
2015-08-18,3360,0,0,0,0,0,18226100,0,0,0,0,0,123603,
2015-08-18,3362,42000,0,0,0,42000,23344500,0,0,0,0,0,15085,
2015-08-18,3363,28000,0,0,0,28000,19149786,15000,0,0,0,15000,24869,
2015-08-18,3372,0,0,0,0,0,87090000,0,0,0,0,0,111710,X
2015-08-18,3373,3000,0,0,0,3000,10822450,0,0,0,0,0,46790,
2015-08-18,3374,0,0,0,0,0,67167526,0,0,0,0,0,277216,Y
2015-08-18,3379,0,0,0,0,0,9057559,0,0,0,0,0,7735,X
2015-08-18,3388,1000,0,0,0,1000,16093750,1000,0,0,0,1000,9171,
2015-08-18,3390,42000,0,1000,0,41000,16461264,17000,0,0,0,17000,61458,
2015-08-18,3402,3000,0,1000,0,2000,18261923,0,0,0,0,0,39765,X
2015-08-18,3428,506000,166000,154000,0,518000,23780750,617000,31000,0,0,648000,676333,
2015-08-18,3431,0,0,0,0,0,8286542,0,0,0,0,0,36721,X
2015-08-18,3434,0,0,0,0,0,8200000,0,0,0,0,0,3973,X
2015-08-18,3438,12000,0,12000,0,0,9732653,0,0,0,0,0,7951,
2015-08-18,3441,1000,0,0,0,1000,10009980,0,0,0,0,0,17800,
2015-08-18,3444,0,0,0,0,0,9778646,0,0,0,0,0,2076,
2015-08-18,3452,249000,0,0,0,249000,131517523,6401665,0,8000,0,6393665,313886,X
2015-08-18,3455,377000,11000,12000,8000,368000,15277187,7000,0,0,0,7000,179385,
2015-08-18,3466,0,0,0,0,0,15221893,0,0,0,0,0,10678,
2015-08-18,3479,13000,0,2000,0,11000,13583291,96000,0,0,0,96000,23474,
2015-08-18,3483,1000,10000,0,0,11000,12240000,0,0,0,0,0,15904,
2015-08-18,3484,95000,50000,14000,0,131000,15825260,0,0,0,0,0,245960,
2015-08-18,3489,0,0,0,0,0,13275042,0,0,0,0,0,110562,
2015-08-18,3490,1406000,384000,187000,0,1603000,15585461,353000,10000,0,0,363000,394101,
2015-08-18,3491,206000,12000,3000,0,215000,12861810,43000,0,0,0,43000,161098,
2015-08-18,3498,446000,1000,217000,1000,229000,19370391,571000,0,0,0,571000,395412,X
2015-08-18,3499,1024000,59000,165000,0,918000,14292399,50000,14000,0,0,64000,396178,
2015-08-18,3508,466000,42000,51000,0,457000,23209434,1058000,0,0,0,1058000,142225,
2015-08-18,3511,1031000,112000,77000,0,1066000,9743236,0,0,0,0,0,283253,
2015-08-18,3512,62000,2000,1000,0,63000,8000000,0,0,0,0,0,9800,
2015-08-18,3516,0,0,0,0,0,18578662,0,0,0,0,0,17076,
2015-08-18,3520,0,0,0,0,0,13348555,0,0,0,0,0,161018,X
2015-08-18,3521,0,0,0,0,0,7932643,0,0,0,0,0,3166,X
2015-08-18,3522,14000,0,0,0,14000,11823000,0,0,0,0,0,15840,
2015-08-18,3523,5670000,190000,82000,0,5778000,24024890,131000,0,0,0,131000,169698,
2015-08-18,3526,24000,2000,0,0,26000,16556096,66000,0,0,0,66000,29471,
2015-08-18,3527,2000,0,2000,0,0,8164099,19000,0,0,0,19000,23151,X
2015-08-18,3528,6000,0,1000,0,5000,14147775,0,0,0,0,0,36578,
2015-08-18,3529,1809000,232000,222000,0,1819000,19208060,1314000,16000,0,0,1330000,214153,
2015-08-18,3531,4000,0,0,0,4000,15293752,0,0,0,0,0,5334,
2015-08-18,3537,0,0,0,0,0,12173805,0,0,0,0,0,21259,
2015-08-18,3540,1000,0,0,0,1000,16168214,1000,0,0,0,1000,18217,
2015-08-18,3541,254000,57000,32000,0,279000,9651123,0,0,0,0,0,60006,
2015-08-18,3546,34000,19000,4000,0,49000,8630018,112000,0,0,0,112000,34485,
2015-08-18,3548,3000,0,0,0,3000,12637849,33000,0,0,0,33000,24077,
2015-08-18,3551,23000,0,21000,0,2000,14375222,186000,0,0,0,186000,27294,
2015-08-18,3552,620000,35000,19000,0,636000,21039895,581000,0,0,0,581000,378966,
2015-08-18,3553,7000,0,0,0,7000,17038211,5537,0,0,0,5537,55236,X
2015-08-18,3555,0,0,0,0,0,9944528,0,0,0,0,0,13499,X
2015-08-18,3556,155000,2000,9000,0,148000,13345178,780970,1000,0,0,781970,119359,
2015-08-18,3558,230000,14000,12000,0,232000,12243470,0,0,0,0,0,135492,
2015-08-18,3563,0,0,0,0,0,10652058,0,0,0,0,0,9526,
2015-08-18,3567,0,11000,0,0,11000,8895250,0,0,0,0,0,11626,
2015-08-18,3577,1000,5000,0,0,6000,10922350,0,0,0,0,0,12721,
2015-08-18,3580,0,0,0,0,0,10537205,0,0,0,0,0,16578,X
2015-08-18,3581,0,0,0,0,0,12944000,0,0,0,0,0,8359,
2015-08-18,3587,9000,1000,1000,0,9000,11578289,27000,0,0,0,27000,29603,
2015-08-18,3594,52000,1000,7000,0,46000,12536135,94000,0,34000,0,60000,55459,
2015-08-18,3609,0,0,0,0,0,7596346,0,0,0,0,0,1670,
2015-08-18,3611,44000,6000,5000,0,45000,8657250,178000,6000,0,0,184000,31876,
2015-08-18,3615,127000,18000,13000,0,132000,17646128,1156788,2000,47000,0,1111788,55748,
2015-08-18,3623,0,0,0,0,0,14676812,0,0,0,0,0,28929,X
2015-08-18,3624,634000,38000,26000,0,646000,29335210,737000,0,0,0,737000,158966,
2015-08-18,3625,0,0,0,0,0,13069500,0,0,0,0,0,15719,X
2015-08-18,3628,16000,0,0,15000,1000,11250000,6000,0,6000,0,0,29047,X
2015-08-18,3630,1755000,116000,81000,0,1790000,25411240,2559536,0,71000,0,2488536,141081,
2015-08-18,3631,240000,8000,25000,0,223000,19980227,301000,0,0,0,301000,85263,
2015-08-18,3632,39000,0,0,0,39000,7701934,53000,0,0,0,53000,130210,
2015-08-18,3642,407000,0,0,0,407000,7942262,0,0,0,0,0,89380,
2015-08-18,3646,3000,0,2000,0,1000,9646092,0,0,0,0,0,12793,X
2015-08-18,3652,0,0,0,0,0,11699000,0,0,0,0,0,4447,
2015-08-18,3658,235000,6000,4000,0,237000,17750000,1718374,20000,24000,0,1714374,139618,
2015-08-18,3662,1056000,73000,63000,0,1066000,15265565,963000,55000,0,0,1018000,209172,
2015-08-18,3663,0,2000,0,0,2000,14739240,1000,0,0,0,1000,29963,
2015-08-18,3664,115000,2000,30000,0,87000,19415843,316000,0,0,0,316000,103056,
2015-08-18,3666,6000,0,3000,0,3000,11190650,0,0,0,0,0,32143,
2015-08-18,3675,11000,0,0,0,11000,11107062,0,0,0,0,0,16583,
2015-08-18,3680,49000,0,0,0,49000,15615145,106100,0,0,0,106100,23518,
2015-08-18,3685,929000,26000,4000,0,951000,10102212,149000,0,0,0,149000,80154,
2015-08-18,3687,408000,9000,8000,0,409000,7514893,267000,0,0,0,267000,39342,
2015-08-18,3689,94000,2000,20000,0,76000,17418951,65000,0,0,0,65000,83068,
2015-08-18,3691,606000,20000,27000,0,599000,15223289,469400,16000,0,0,485400,173494,
2015-08-18,3693,214000,5000,41000,93000,85000,9633923,0,0,0,0,0,69597,
2015-08-18,3707,20000,0,0,0,20000,40829788,0,0,0,0,0,59158,
2015-08-18,4102,38000,6000,8000,0,36000,10593360,0,0,0,0,0,112078,
2015-08-18,4103,0,0,0,0,0,27499243,54000,0,0,0,54000,24592,
2015-08-18,4105,1859000,532000,247000,0,2144000,62162489,2461569,1000,0,0,2462569,872658,
2015-08-18,4107,0,0,0,0,0,21489274,0,0,0,0,0,230442,X
2015-08-18,4109,230000,0,4000,0,226000,16148800,31000,0,30000,0,1000,92355,
2015-08-18,4111,6000,2000,0,0,8000,13697833,0,0,0,0,0,25251,
2015-08-18,4113,80000,1000,0,0,81000,38720489,0,0,0,0,0,91960,
2015-08-18,4114,62000,52000,12000,0,102000,30495594,571848,85000,0,0,656848,136557,
2015-08-18,4120,12000,2000,0,0,14000,21686779,316000,1000,0,0,317000,45143,
2015-08-18,4121,5000,21000,0,0,26000,18329191,0,0,0,0,0,89867,
2015-08-18,4123,1268000,46000,87000,0,1227000,45584562,2997504,5000,0,0,3002504,273444,
2015-08-18,4126,5000,1000,1000,0,5000,16503804,264000,0,0,0,264000,26037,
2015-08-18,4127,48000,25000,9000,0,64000,11440000,2000,0,0,0,2000,176791,
2015-08-18,4128,0,0,0,0,0,106335662,7280907,0,704000,0,6576907,207425,Y
2015-08-18,4129,438000,29000,38000,2000,427000,14124340,0,0,0,0,0,351234,
2015-08-18,4130,485000,85000,121000,0,449000,25201500,873000,2000,0,0,875000,226589,
2015-08-18,4138,0,0,0,0,0,7500000,0,0,0,0,0,32460,
2015-08-18,4153,34000,25000,9000,0,50000,7858616,0,0,0,0,0,95565,
2015-08-18,4157,0,0,0,0,0,174190106,363000,2000,0,0,365000,180855,Y
2015-08-18,4161,818000,255000,304000,0,769000,12884886,353000,67000,0,0,420000,175122,
2015-08-18,4162,452000,15000,89000,0,378000,25488500,122000,25000,0,0,147000,255851,
2015-08-18,4163,59000,11000,23000,0,47000,10059500,108000,18000,0,0,126000,71131,
2015-08-18,4173,0,0,0,0,0,11143588,0,0,0,0,0,129543,
2015-08-18,4174,0,0,0,0,0,42674365,10000,0,0,0,10000,80530,Y
2015-08-18,4205,0,0,0,0,0,18176090,0,0,0,0,0,2369,
2015-08-18,4207,0,0,0,0,0,42366779,39000,0,0,0,39000,38942,
2015-08-18,4303,0,0,0,0,0,17500000,0,0,0,0,0,8321,
2015-08-18,4304,0,0,0,0,0,4891694,0,0,0,0,0,7513,X
2015-08-18,4305,0,0,0,0,0,13753500,0,0,0,0,0,1837,
2015-08-18,4401,270000,2000,16000,0,256000,30071571,624000,0,0,0,624000,120311,
2015-08-18,4406,3000,0,0,0,3000,12978000,0,0,0,0,0,112757,
2015-08-18,4413,0,0,0,0,0,591172,0,0,0,0,0,74,X
2015-08-18,4416,0,0,0,0,0,15003903,10000,0,0,0,10000,680,
2015-08-18,4417,382000,76000,57000,0,401000,19984166,0,0,0,0,0,717106,
2015-08-18,4420,0,1000,0,0,1000,7363750,0,0,0,0,0,17233,
2015-08-18,4429,2000,0,0,0,2000,8587500,0,0,0,0,0,33995,
2015-08-18,4430,4000,0,0,0,4000,13768402,0,0,0,0,0,14890,
2015-08-18,4432,92000,11000,0,0,103000,12045000,7000,0,0,0,7000,48194,
2015-08-18,4433,11000,1000,7000,0,5000,7518108,0,0,0,0,0,52162,
2015-08-18,4502,0,0,0,0,0,9954096,0,0,0,0,0,3357,X
2015-08-18,4506,35000,1000,2000,0,34000,49170000,0,0,0,0,0,157206,
2015-08-18,4510,1000,0,1000,0,0,27002672,0,0,0,0,0,25737,X
2015-08-18,4513,0,0,0,0,0,19220075,0,0,0,0,0,21596,
2015-08-18,4523,52000,8000,15000,0,45000,16000000,0,0,0,0,0,228352,
2015-08-18,4527,1000,0,0,0,1000,19038092,0,0,0,0,0,12873,
2015-08-18,4528,927000,115000,45000,0,997000,19128567,368000,24000,0,0,392000,441853,
2015-08-18,4529,163000,39000,40000,0,162000,11552178,0,0,0,0,0,53683,
2015-08-18,4530,0,0,0,0,0,8103069,0,0,0,0,0,5849,X
2015-08-18,4533,5000,0,5000,0,0,40108527,124000,0,0,0,124000,34836,
2015-08-18,4534,2000,0,0,0,2000,20025914,0,0,0,0,0,34765,
2015-08-18,4535,0,0,0,0,0,18915435,0,0,0,0,0,6514,
2015-08-18,4541,0,0,0,0,0,13535856,0,0,0,0,0,18727,
2015-08-18,4549,0,0,0,0,0,9243062,0,0,0,0,0,11927,
2015-08-18,4609,0,0,0,0,0,11986705,0,0,0,0,0,6377,X
2015-08-18,4706,0,0,0,0,0,19757523,0,0,0,0,0,4046,
2015-08-18,4707,3000,0,0,0,3000,53743873,41000,0,0,0,41000,39775,
2015-08-18,4711,0,0,0,0,0,15264000,0,0,0,0,0,1726,
2015-08-18,4712,0,0,0,0,0,16531925,1000,0,0,0,1000,26326,X
2015-08-18,4714,1000,0,1000,0,0,16380811,0,0,0,0,0,86038,
2015-08-18,4716,0,0,0,0,0,17867263,0,0,0,0,0,14096,X
2015-08-18,4721,3000,0,0,0,3000,18746576,0,0,0,0,0,20610,
2015-08-18,4728,75000,0,32000,0,43000,13615750,94000,0,0,0,94000,92049,
2015-08-18,4735,0,0,0,0,0,7851220,0,0,0,0,0,68683,Y
2015-08-18,4736,283000,0,0,0,283000,17298403,613000,15000,0,0,628000,104357,
2015-08-18,4739,356000,33000,7000,0,382000,16778643,0,0,0,0,0,541099,
2015-08-18,4743,0,0,0,0,0,44442025,82000,0,0,0,82000,203992,Y
2015-08-18,4745,9000,0,1000,0,8000,14087905,10000,0,0,0,10000,35333,
2015-08-18,4747,0,0,0,0,0,7504687,0,0,0,0,0,3997,
2015-08-18,4903,3000,0,0,0,3000,22420514,315000,0,0,0,315000,35269,
2015-08-18,4905,94000,4000,11000,0,87000,12805629,0,0,0,0,0,167781,
2015-08-18,4907,0,0,0,0,0,4255205,0,0,0,0,0,2202,X
2015-08-18,4908,18000,0,0,0,18000,19456914,0,0,0,0,0,11634,
2015-08-18,4909,29000,0,0,0,29000,23339216,250000,0,0,0,250000,30115,
2015-08-18,4911,0,0,0,0,0,13750000,50000,0,0,0,50000,7953,Y
2015-08-18,4924,19000,0,0,0,19000,9291102,1000,0,0,0,1000,93554,
2015-08-18,4927,115000,88000,67000,0,136000,30648729,2002004,0,0,0,2002004,174044,
2015-08-18,4933,9000,0,0,0,9000,19526418,181100,0,0,0,181100,17572,
2015-08-18,4939,9000,9000,0,0,18000,24550217,0,0,0,0,0,22263,
2015-08-18,4944,160000,11000,3000,0,168000,49540572,1899398,0,0,0,1899398,132807,
2015-08-18,4947,76000,12000,13000,0,75000,11180331,25000,44000,0,0,69000,128132,
2015-08-18,4953,4000,0,0,0,4000,10650080,0,0,0,0,0,21282,
2015-08-18,4965,0,0,0,0,0,4889034,9000,0,0,0,9000,6245,Y
2015-08-18,4966,254000,18000,88000,12000,172000,18899009,953000,0,0,0,953000,324735,X
2015-08-18,4971,493000,39000,24000,5000,503000,8131845,0,0,0,0,0,268903,
2015-08-18,4972,7000,0,0,0,7000,9524004,0,0,0,0,0,28950,
2015-08-18,4973,8000,0,1000,0,7000,16295732,96000,0,0,0,96000,16388,
2015-08-18,4974,21000,1000,0,0,22000,15489416,33000,0,0,0,33000,73190,
2015-08-18,4979,0,0,0,0,0,16818540,278800,0,0,0,278800,1164344,X
2015-08-18,4991,129000,8000,14000,0,123000,11624604,42000,0,0,0,42000,232246,
2015-08-18,4995,9000,0,0,0,9000,8532775,7000,0,0,0,7000,23994,
2015-08-18,5009,277000,6000,114000,0,169000,112653901,1766765,0,0,0,1766765,577112,
2015-08-18,5011,0,0,0,0,0,8408967,0,0,0,0,0,946,
2015-08-18,5013,0,0,0,0,0,25267500,0,0,0,0,0,30795,
2015-08-18,5014,0,0,0,0,0,41333263,0,0,0,0,0,32806,
2015-08-18,5015,124000,0,0,0,124000,15159797,0,0,0,0,0,27947,
2015-08-18,5016,0,0,0,0,0,12405519,0,0,0,0,0,4718,
2015-08-18,5102,0,0,0,0,0,16021266,0,0,0,0,0,37371,
2015-08-18,5201,0,0,0,0,0,7668650,0,0,0,0,0,3966,X
2015-08-18,5202,0,0,0,0,0,14773500,0,0,0,0,0,14146,X
2015-08-18,5206,0,0,0,0,0,37500000,0,0,0,0,0,3445,
2015-08-18,5210,0,0,0,0,0,17256694,0,0,0,0,0,19085,
2015-08-18,5211,15000,0,0,0,15000,8006181,22000,0,0,0,22000,24078,
2015-08-18,5212,0,0,0,0,0,8658250,0,0,0,0,0,4717,X
2015-08-18,5213,30000,0,0,0,30000,95494593,517388,0,0,0,517388,94740,
2015-08-18,5230,121000,1000,2000,0,120000,11220349,113000,0,0,0,113000,95071,
2015-08-18,5251,16000,6000,0,0,22000,7730494,0,0,0,0,0,14612,
2015-08-18,5255,0,0,0,0,0,9518950,0,0,0,0,0,9133,
2015-08-18,5263,0,0,0,0,0,9240696,73000,0,0,0,73000,43719,Y
2015-08-18,5272,556000,9000,23000,0,542000,12761279,5000,0,0,0,5000,136515,
2015-08-18,5274,0,0,0,0,0,6573967,0,0,0,0,0,27744,Y
2015-08-18,5284,0,0,0,0,0,8437500,0,0,0,0,0,6624,
2015-08-18,5287,4000,0,0,0,4000,7875000,0,0,0,0,0,10805,
2015-08-18,5289,0,30000,0,0,30000,14797047,111000,0,0,0,111000,188242,
2015-08-18,5291,0,0,0,0,0,8359577,0,0,0,0,0,7543,
2015-08-18,5302,0,0,0,0,0,40594250,0,0,0,0,0,22132,
2015-08-18,5304,0,0,0,0,0,31197394,0,0,0,0,0,2666,X
2015-08-18,5306,43000,11000,0,0,54000,15113919,404400,30000,0,0,434400,43895,
2015-08-18,5309,0,0,0,0,0,48094716,0,0,0,0,0,247165,X
2015-08-18,5310,6000,0,0,0,6000,11273008,0,0,0,0,0,5923,
2015-08-18,5312,0,0,0,0,0,15014974,85000,0,0,0,85000,18858,
2015-08-18,5314,0,0,0,0,0,15000000,0,0,0,0,0,9802,X
2015-08-18,5315,0,0,0,0,0,26587958,0,0,0,0,0,438712,X
2015-08-18,5317,20000,0,2000,0,18000,34097367,0,0,0,0,0,152556,
2015-08-18,5321,7000,0,0,0,7000,7200000,0,0,0,0,0,12021,
2015-08-18,5324,0,0,0,0,0,19094772,132000,0,0,0,132000,10303,X
2015-08-18,5328,0,0,0,0,0,44577681,0,0,0,0,0,15717,X
2015-08-18,5340,0,0,0,0,0,41473491,0,0,0,0,0,7880,X
2015-08-18,5344,0,0,0,0,0,19861865,0,0,0,0,0,3348,X
2015-08-18,5345,0,0,0,0,0,12500000,0,0,0,0,0,6863,X
2015-08-18,5347,3500000,88000,91000,0,3497000,409745566,34443140,1413000,0,0,35856140,1371597,
2015-08-18,5349,610000,56000,198000,0,468000,56024093,1610000,216000,100000,0,1726000,631132,
2015-08-18,5351,806000,54000,23000,0,837000,109270709,9187839,0,0,0,9187839,669187,
2015-08-18,5353,1000,0,1000,0,0,22797771,0,0,0,0,0,11172,
2015-08-18,5355,5000,0,0,0,5000,38640043,0,0,0,0,0,45739,
2015-08-18,5356,18000,2000,1000,14000,5000,32360250,1127161,0,0,0,1127161,84593,X
2015-08-18,5364,0,0,0,0,0,1274985,0,0,0,0,0,155,Y
2015-08-18,5371,1099000,21000,24000,0,1096000,135757222,2371000,6000,0,0,2377000,602052,
2015-08-18,5381,0,0,0,0,0,46763597,0,0,0,0,0,15469,X
2015-08-18,5383,0,0,0,0,0,17853558,0,0,0,0,0,16091,X
2015-08-18,5384,0,0,0,0,0,19892362,0,0,0,0,0,3554,
2015-08-18,5386,0,0,0,0,0,2292926,0,0,0,0,0,1669,
2015-08-18,5392,0,0,0,0,0,22840248,911000,0,12000,0,899000,86243,X
2015-08-18,5395,0,0,0,0,0,726363,0,0,0,0,0,393,X
2015-08-18,5398,36000,0,0,0,36000,10437635,0,0,0,0,0,24497,X
2015-08-18,5403,0,0,0,0,0,18420600,0,0,0,0,0,14626,
2015-08-18,5410,0,0,0,0,0,22435030,36000,0,0,0,36000,26658,
2015-08-18,5425,294000,1000,30000,0,265000,59702706,1197000,0,0,0,1197000,300328,
2015-08-18,5426,3000,0,0,0,3000,35950000,230000,0,0,0,230000,29403,
2015-08-18,5432,6000,0,0,0,6000,5171951,0,0,0,0,0,7240,
2015-08-18,5438,0,0,0,0,0,28134141,0,0,0,0,0,25936,
2015-08-18,5439,4000,0,0,0,4000,19493938,0,0,0,0,0,9716,
2015-08-18,5443,3000,0,0,0,3000,41284036,624000,0,0,0,624000,195642,
2015-08-18,5450,39000,0,2000,0,37000,12598062,0,0,0,0,0,16401,
2015-08-18,5452,6000,0,0,0,6000,38324417,55000,0,0,0,55000,37448,
2015-08-18,5455,0,0,0,0,0,1375453,0,0,0,0,0,648,X
2015-08-18,5457,815000,60000,15000,0,860000,23951168,1934000,2000,0,0,1936000,270863,
2015-08-18,5460,4000,0,0,0,4000,18008007,0,0,0,0,0,35591,
2015-08-18,5464,1000,0,1000,0,0,17767872,0,0,0,0,0,7934,
2015-08-18,5465,1000,0,1000,0,0,17838726,0,0,0,0,0,10145,X
2015-08-18,5468,0,0,0,0,0,6688918,0,0,0,0,0,1745,X
2015-08-18,5474,244000,31000,15000,0,260000,8432446,0,0,0,0,0,133236,
2015-08-18,5475,0,0,0,0,0,55163685,483000,0,0,0,483000,45252,X
2015-08-18,5478,174000,128000,47000,0,255000,31868583,1308000,25000,0,0,1333000,245362,
2015-08-18,5480,0,0,0,0,0,49774457,702000,0,0,0,702000,39285,
2015-08-18,5481,367000,45000,7000,0,405000,24320472,98000,0,0,0,98000,42522,
2015-08-18,5483,1395000,6000,47000,10000,1344000,145007787,21309000,61000,35000,0,21335000,784258,
2015-08-18,5487,0,0,0,0,0,5533629,0,0,0,0,0,9428,
2015-08-18,5488,0,0,0,0,0,22896531,0,0,0,0,0,70581,
2015-08-18,5489,15000,7000,0,0,22000,26043860,178000,0,0,0,178000,18473,
2015-08-18,5490,1746000,178000,183000,0,1741000,23599150,503000,0,0,0,503000,1732793,
2015-08-18,5491,60000,3000,0,0,63000,54893930,864000,0,0,0,864000,87834,
2015-08-18,5493,117000,11000,21000,0,107000,10342218,0,0,0,0,0,258919,
2015-08-18,5498,9000,0,0,0,9000,36526470,0,0,0,0,0,38483,
2015-08-18,5508,166000,0,8000,0,158000,45297527,748000,0,0,0,748000,83709,
2015-08-18,5511,3000,0,0,0,3000,37915190,84000,0,0,0,84000,29546,
2015-08-18,5512,67000,0,0,0,67000,188498178,5321143,0,0,0,5321143,214750,
2015-08-18,5514,0,1000,0,0,1000,38400717,0,0,0,0,0,14427,
2015-08-18,5516,0,0,0,0,0,9573750,0,0,0,0,0,3050,
2015-08-18,5520,0,0,0,0,0,17739778,0,0,0,0,0,1212,
2015-08-18,5523,0,0,0,0,0,28212958,0,0,0,0,0,21459,
2015-08-18,5529,0,0,0,0,0,25403966,0,0,0,0,0,7732,
2015-08-18,5530,85000,11000,0,0,96000,99771049,1215000,0,0,0,1215000,56088,
2015-08-18,5536,7000,0,0,0,7000,11653954,457000,0,0,0,457000,20761,
2015-08-18,5603,0,0,0,0,0,18648708,0,0,0,0,0,42677,
2015-08-18,5604,2000,0,0,0,2000,27195742,0,0,0,0,0,2245,
2015-08-18,5609,0,0,0,0,0,32250000,273000,0,0,0,273000,54382,
2015-08-18,5701,0,0,0,0,0,55940364,0,0,0,0,0,31658,X
2015-08-18,5703,0,0,0,0,0,17559898,0,0,0,0,0,27682,
2015-08-18,5704,0,0,0,0,0,9715414,0,0,0,0,0,6492,
2015-08-18,5820,1000,4000,0,0,5000,803795421,2891688,53000,0,0,2944688,305730,
2015-08-18,5902,0,0,0,0,0,10137930,0,0,0,0,0,3944,X
2015-08-18,5903,0,0,0,0,0,55805000,129000,0,0,0,129000,16999,
2015-08-18,5904,7000,0,0,0,7000,23528264,30000,0,0,0,30000,30694,
2015-08-18,5905,1000,0,0,0,1000,51129239,546000,0,0,0,546000,59516,
2015-08-18,6015,91000,1000,0,0,92000,106709693,1046000,0,0,0,1046000,114103,
2015-08-18,6016,3000,0,1000,0,2000,172084198,1900590,0,0,0,1900590,105463,
2015-08-18,6020,2000,0,0,0,2000,63088288,0,0,0,0,0,8204,
2015-08-18,6021,36000,0,0,0,36000,76688993,339000,0,0,0,339000,37574,
2015-08-18,6022,23000,0,0,0,23000,94440455,643000,0,0,0,643000,117364,
2015-08-18,6023,67000,0,0,0,67000,58069072,17000,0,5000,0,12000,32601,
2015-08-18,6024,0,0,0,0,0,29999461,0,0,0,0,0,25920,
2015-08-18,6101,0,0,0,0,0,4439437,0,0,0,0,0,2925,X
2015-08-18,6103,0,0,0,0,0,1644036,0,0,0,0,0,791,X
2015-08-18,6104,1156000,62000,175000,0,1043000,22417296,53000,0,0,0,53000,584846,
2015-08-18,6105,106000,23000,4000,0,125000,26467919,456000,2000,0,0,458000,125945,
2015-08-18,6107,852000,18000,7000,0,863000,13757475,299000,1000,0,0,300000,94202,
2015-08-18,6109,0,0,0,0,0,18171629,0,0,0,0,0,11780,
2015-08-18,6111,0,0,0,0,0,6634192,0,0,0,0,0,3073,X
2015-08-18,6113,42000,5000,13000,0,34000,13401775,0,0,0,0,0,24228,
2015-08-18,6114,3000,0,0,0,3000,1331985,0,0,0,0,0,12840,
2015-08-18,6118,2000,0,0,0,2000,22722393,0,0,0,0,0,15327,
2015-08-18,6121,255000,51000,42000,0,264000,77071049,3656400,38000,0,0,3694400,209389,
2015-08-18,6122,5000,0,0,0,5000,17182272,0,0,0,0,0,7409,
2015-08-18,6123,11000,1000,2000,0,10000,13785828,0,0,0,0,0,21207,
2015-08-18,6124,1000,0,0,0,1000,45619986,67000,0,0,0,67000,39867,
2015-08-18,6125,26000,0,2000,0,24000,61752787,1656000,0,0,0,1656000,112477,
2015-08-18,6126,147000,3000,1000,0,149000,28423293,135000,0,0,0,135000,78234,
2015-08-18,6127,0,0,0,0,0,21260386,33000,0,0,0,33000,34693,
2015-08-18,6129,4000,0,0,0,4000,45235918,577000,0,0,0,577000,41590,
2015-08-18,6130,0,0,0,0,0,6650000,0,0,0,0,0,1897,Y
2015-08-18,6134,0,0,0,0,0,22450000,185000,0,0,0,185000,6323,X
2015-08-18,6135,2178000,31000,1749000,4000,456000,19047218,0,0,0,0,0,321051,
2015-08-18,6138,21000,0,0,0,21000,25100227,504000,0,0,0,504000,42915,
2015-08-18,6140,4000,0,4000,0,0,9591976,0,0,0,0,0,5390,
2015-08-18,6143,613000,98000,24000,0,687000,20820224,717000,4000,0,0,721000,193098,
2015-08-18,6144,0,0,0,0,0,7924114,0,0,0,0,0,293,X
2015-08-18,6146,100000,25000,2000,0,123000,21718855,528750,0,0,0,528750,72758,
2015-08-18,6147,3381000,144000,92000,0,3433000,162296749,17798000,960000,34000,0,18724000,2315649,
2015-08-18,6148,0,0,0,0,0,19081280,23000,0,0,0,23000,24604,
2015-08-18,6150,0,0,0,0,0,17644895,0,0,0,0,0,19482,X
2015-08-18,6151,0,0,0,0,0,13814325,0,0,0,0,0,36904,
2015-08-18,6154,0,0,0,0,0,20020000,0,0,0,0,0,5392,
2015-08-18,6156,0,0,0,0,0,6374248,0,0,0,0,0,4623,X
2015-08-18,6158,6000,0,0,0,6000,28367243,60000,0,0,0,60000,25187,
2015-08-18,6160,4000,0,0,0,4000,17122280,0,0,0,0,0,27806,
2015-08-18,6161,12000,0,0,0,12000,30208322,41000,0,0,0,41000,25063,
2015-08-18,6163,41000,0,0,0,41000,25870423,1045000,0,0,0,1045000,106632,
2015-08-18,6167,0,0,0,0,0,40543305,0,0,0,0,0,97723,X
2015-08-18,6169,0,0,0,0,0,7094750,0,0,0,0,0,7129,Y
2015-08-18,6170,0,0,0,0,0,23417509,125000,0,0,0,125000,33255,
2015-08-18,6171,0,0,0,0,0,6837980,0,0,0,0,0,2578,
2015-08-18,6173,6000,7000,0,0,13000,46279077,13000,0,0,0,13000,62272,
2015-08-18,6174,5000,0,0,0,5000,12500000,0,0,0,0,0,3587,
2015-08-18,6175,0,0,0,0,0,28643410,0,0,0,0,0,40776,X
2015-08-18,6179,123000,0,0,0,123000,12539081,0,0,0,0,0,28537,
2015-08-18,6180,464000,21000,31000,0,454000,39398403,1344000,6000,36000,0,1314000,727295,
2015-08-18,6182,218000,50000,14000,0,254000,95853331,13023000,5000,0,0,13028000,467622,
2015-08-18,6185,60000,1000,2000,0,59000,27211169,0,0,0,0,0,98014,
2015-08-18,6186,2000,0,2000,0,0,16294818,0,0,0,0,0,13884,
2015-08-18,6187,742000,2000,21000,0,723000,17591975,154000,0,0,0,154000,161008,
2015-08-18,6188,170000,6000,0,0,176000,69589727,1533000,3000,0,0,1536000,101900,
2015-08-18,6190,1000,0,0,0,1000,30815205,0,0,0,0,0,20065,
2015-08-18,6194,0,0,0,0,0,25000000,0,0,0,0,0,28245,
2015-08-18,6195,15000,0,0,0,15000,10988235,62000,0,0,0,62000,9419,
2015-08-18,6203,16000,0,6000,0,10000,19988319,223000,0,0,0,223000,10666,
2015-08-18,6204,0,0,0,0,0,9024250,0,0,0,0,0,5660,
2015-08-18,6207,46000,9000,0,0,55000,20988647,0,0,0,0,0,129000,
2015-08-18,6208,8000,0,3000,0,5000,28777199,48000,0,0,0,48000,71859,
2015-08-18,6210,11000,0,0,0,11000,8762000,0,0,0,0,0,39865,
2015-08-18,6211,119000,0,0,0,119000,10409440,0,0,0,0,0,24683,
2015-08-18,6212,0,0,0,0,0,25500000,0,0,0,0,0,1325,
2015-08-18,6217,407000,9000,50000,0,366000,14512570,1000,0,0,0,1000,268305,
2015-08-18,6218,4000,0,0,0,4000,16065500,0,0,0,0,0,7995,
2015-08-18,6219,242000,49000,27000,0,264000,43967819,165000,0,0,0,165000,82611,
2015-08-18,6220,154000,0,3000,0,151000,32739660,286000,0,0,0,286000,339203,
2015-08-18,6221,7000,0,0,0,7000,9319924,0,0,0,0,0,11523,
2015-08-18,6222,0,0,0,0,0,7688220,0,0,0,0,0,3947,X
2015-08-18,6223,366000,12000,1000,0,377000,19901348,1229000,0,23000,0,1206000,184953,
2015-08-18,6227,0,0,0,0,0,19027946,0,0,0,0,0,35103,
2015-08-18,6228,0,0,0,0,0,10278656,0,0,0,0,0,38158,X
2015-08-18,6229,3000,0,2000,0,1000,9021925,0,0,0,0,0,9300,
2015-08-18,6231,26000,1000,0,0,27000,9510872,0,0,0,0,0,37360,
2015-08-18,6233,225000,0,0,0,225000,21143724,162000,0,0,0,162000,47943,
2015-08-18,6234,0,6000,0,0,6000,17858535,4000,0,0,0,4000,71594,
2015-08-18,6237,29000,0,1000,0,28000,19412592,0,0,0,0,0,91696,
2015-08-18,6238,784000,26000,19000,0,791000,5769466,50000,0,0,0,50000,74961,
2015-08-18,6240,0,0,0,0,0,187383,0,0,0,0,0,31,X
2015-08-18,6241,0,0,0,0,0,5536203,0,0,0,0,0,12527,
2015-08-18,6244,5537000,164000,572000,0,5129000,121726352,44184000,544000,822000,0,43906000,2282866,
2015-08-18,6245,177000,28000,29000,0,176000,23114491,612000,31000,0,0,643000,415552,
2015-08-18,6246,0,0,0,0,0,17894873,0,0,0,0,0,5134,X
2015-08-18,6248,0,0,0,0,0,2164348,0,0,0,0,0,1452,X
2015-08-18,6261,20000,0,0,0,20000,31806433,1366725,0,0,0,1366725,63030,
2015-08-18,6263,7000,0,5000,0,2000,15318863,0,0,0,0,0,43551,
2015-08-18,6264,0,0,0,0,0,22392136,0,0,0,0,0,9975,X
2015-08-18,6265,0,0,0,0,0,29543037,0,0,0,0,0,30085,X
2015-08-18,6266,30000,1000,0,0,31000,20222547,0,0,0,0,0,156733,
2015-08-18,6270,2000,0,0,0,2000,18422689,0,0,0,0,0,19071,
2015-08-18,6274,376000,3000,9000,0,370000,60387264,1142000,0,0,0,1142000,419910,
2015-08-18,6275,2000,0,0,0,2000,13274282,0,0,0,0,0,17192,
2015-08-18,6276,0,1000,0,0,1000,5760408,0,0,0,0,0,15840,
2015-08-18,6279,75000,12000,6000,0,81000,24288301,946000,0,0,0,946000,150038,
2015-08-18,6284,161000,225000,26000,55000,305000,25639563,1144000,0,0,0,1144000,177134,
2015-08-18,6287,0,0,0,0,0,18811041,0,0,0,0,0,4794,X
2015-08-18,6290,19000,0,5000,0,14000,33720366,795000,0,0,0,795000,53783,
2015-08-18,6291,0,0,0,0,0,6102878,0,0,0,0,0,133,X
2015-08-18,6292,0,0,0,0,0,11725178,0,0,0,0,0,5278,X
2015-08-18,6294,119000,1000,26000,0,94000,3837500,0,0,0,0,0,60982,
2015-08-18,6298,0,2000,0,0,2000,42237993,439000,0,0,0,439000,50541,
2015-08-18,6404,14000,4000,5000,0,13000,9476000,0,0,0,0,0,33300,
2015-08-18,6411,287000,0,133000,0,154000,15725000,17000,0,0,0,17000,164506,
2015-08-18,6426,0,0,0,0,0,8072500,0,0,0,0,0,46875,
2015-08-18,6506,205000,34000,26000,0,213000,18837492,0,0,0,0,0,281395,
2015-08-18,6508,0,0,0,0,0,19437586,0,0,0,0,0,11392,X
2015-08-18,6509,9000,0,0,1000,8000,41826391,1919000,9000,0,0,1928000,134750,
2015-08-18,6603,8000,0,0,0,8000,29291670,1000,0,0,0,1000,40533,
2015-08-18,6609,6000,1000,0,0,7000,17758883,25000,0,0,0,25000,35819,
2015-08-18,6803,2000,0,0,0,2000,16399916,30000,0,0,0,30000,19488,
2015-08-18,8024,0,0,0,0,0,11598025,0,0,0,0,0,4653,
2015-08-18,8032,0,0,0,0,0,12952575,0,0,0,0,0,2017,
2015-08-18,8034,0,0,0,0,0,15718431,0,0,0,0,0,28790,X
2015-08-18,8038,0,0,0,0,0,13352250,0,0,0,0,0,13583,Y
2015-08-18,8040,0,0,0,0,0,21281314,0,0,0,0,0,20955,X
2015-08-18,8042,27000,0,4000,0,23000,26371023,899000,0,0,0,899000,45528,
2015-08-18,8043,0,0,0,0,0,17714792,0,0,0,0,0,11426,X
2015-08-18,8044,230000,0,59000,6000,165000,21704191,797310,0,0,0,797310,143689,X
2015-08-18,8047,0,0,0,0,0,10368460,0,0,0,0,0,2055,
2015-08-18,8048,1606000,105000,47000,0,1664000,13001883,0,0,0,0,0,772744,
2015-08-18,8049,26000,0,0,0,26000,32286077,0,0,0,0,0,76640,
2015-08-18,8050,266000,14000,14000,0,266000,27135746,904551,0,0,0,904551,247980,
2015-08-18,8053,0,0,0,0,0,102954409,0,0,0,0,0,3108,Y
2015-08-18,8054,43000,2000,2000,0,43000,20515457,310000,0,0,0,310000,44078,
2015-08-18,8059,38000,0,30000,0,8000,22779500,0,0,0,0,0,74393,
2015-08-18,8064,31000,0,0,0,31000,33361959,26000,0,0,0,26000,81825,
2015-08-18,8068,0,0,0,0,0,7665000,0,0,0,0,0,2261,X
2015-08-18,8069,482000,12000,33000,0,461000,270116928,31034000,22000,977000,0,30079000,546488,
2015-08-18,8071,0,0,0,0,0,13068570,3000,0,0,0,3000,14813,
2015-08-18,8074,21000,3000,0,0,24000,16299280,0,0,0,0,0,24549,
2015-08-18,8076,2438000,227000,348000,1000,2316000,54604673,3955791,0,175000,0,3780791,795321,
2015-08-18,8079,0,0,0,0,0,20050007,5000,0,0,0,5000,16123,
2015-08-18,8080,393000,2000,70000,0,325000,13329759,0,0,0,0,0,106699,
2015-08-18,8082,0,0,0,0,0,13652218,0,0,0,0,0,1909,X
2015-08-18,8083,6000,1000,0,0,7000,8783298,7000,1000,0,0,8000,12694,
2015-08-18,8085,0,0,0,0,0,39314310,0,0,0,0,0,94779,X
2015-08-18,8086,0,0,0,0,0,35057905,2053912,0,0,0,2053912,2025973,X
2015-08-18,8088,0,0,0,0,0,11514867,0,0,0,0,0,18424,
2015-08-18,8091,0,6000,0,0,6000,15170040,316000,4000,0,0,320000,157202,
2015-08-18,8093,0,0,0,0,0,16052123,0,0,0,0,0,2968,X
2015-08-18,8096,704000,109000,63000,0,750000,30565663,1033000,40000,0,0,1073000,670822,
2015-08-18,8097,2000,0,0,0,2000,1724134,0,0,0,0,0,2317,
2015-08-18,8099,0,0,0,0,0,16800000,25000,0,0,0,25000,8860,X
2015-08-18,8107,53000,1000,1000,0,53000,28773506,410000,0,0,0,410000,34642,
2015-08-18,8109,5000,0,0,0,5000,15011033,73000,0,0,0,73000,17841,
2015-08-18,8111,0,0,0,0,0,26606276,0,0,0,0,0,45898,
2015-08-18,8121,703000,73000,47000,0,729000,45594435,3076000,0,0,0,3076000,154201,
2015-08-18,8147,0,0,0,0,0,5799725,0,0,0,0,0,67798,Y
2015-08-18,8155,77000,0,8000,0,69000,12871250,0,0,0,0,0,34665,
2015-08-18,8171,60000,0,0,0,60000,13212307,88000,0,0,0,88000,42251,
2015-08-18,8176,2000,0,0,0,2000,19775000,0,0,0,0,0,10384,X
2015-08-18,8182,0,0,0,0,0,26760303,0,0,0,0,0,29302,
2015-08-18,8183,0,0,0,0,0,29022767,0,0,0,0,0,23517,
2015-08-18,8234,105000,14000,23000,0,96000,34988118,1015000,0,0,0,1015000,241205,
2015-08-18,8240,57000,0,0,0,57000,25001103,99000,0,0,0,99000,15292,
2015-08-18,8255,269000,7000,6000,0,270000,18716250,189000,0,2000,0,187000,66335,
2015-08-18,8266,0,0,0,0,0,3092207,0,0,0,0,0,2336,X
2015-08-18,8277,124000,3000,0,0,127000,22907208,282000,0,0,0,282000,47941,
2015-08-18,8287,15000,0,0,0,15000,32461113,951060,0,0,0,951060,65699,
2015-08-18,8289,1000,0,0,0,1000,19379388,0,0,0,0,0,9468,
2015-08-18,8299,463000,136000,52000,0,547000,45118498,2285000,40000,375000,0,1950000,373940,
2015-08-18,8349,7000,0,0,0,7000,22881356,0,7000,0,0,7000,19107,
2015-08-18,8354,0,0,0,0,0,15935930,1000,0,0,0,1000,10773,
2015-08-18,8358,0,0,0,0,0,52647000,0,0,0,0,0,12834,X
2015-08-18,8383,964000,168000,129000,0,1003000,29548120,737000,0,0,0,737000,1138109,
2015-08-18,8390,1000,0,0,0,1000,18843313,12000,0,0,0,12000,11635,
2015-08-18,8401,158000,0,0,0,158000,15019971,0,0,0,0,0,14981,
2015-08-18,8403,891000,3000,74000,5000,815000,15166978,0,0,0,0,0,101838,
2015-08-18,8406,30000,4000,3000,0,31000,23174368,551000,0,0,0,551000,80273,
2015-08-18,8410,0,0,0,0,0,9147300,0,0,0,0,0,7211,
2015-08-18,8418,0,0,0,0,0,17248750,0,0,0,0,0,6967,
2015-08-18,8420,12000,1000,0,0,13000,12747500,0,0,0,0,0,174998,
2015-08-18,8421,6000,0,0,0,6000,9625616,0,0,0,0,0,14255,
2015-08-18,8424,0,0,0,0,0,9013592,0,0,0,0,0,5433,
2015-08-18,8426,0,0,0,0,0,12075000,0,0,0,0,0,7257,
2015-08-18,8431,0,0,0,0,0,10573250,0,0,0,0,0,151685,Y
2015-08-18,8432,0,0,0,0,0,9599535,0,0,0,0,0,7589,
2015-08-18,8433,90000,2000,5000,0,87000,13144400,14000,0,0,0,14000,76331,
2015-08-18,8435,6000,0,0,0,6000,7925112,0,0,0,0,0,4604,
2015-08-18,8436,95000,6000,20000,2000,79000,14035753,207000,10000,0,0,217000,186308,
2015-08-18,8437,0,0,0,0,0,8143160,0,0,0,0,0,52498,Y
2015-08-18,8446,20000,3000,3000,0,20000,10620000,0,0,0,0,0,87520,
2015-08-18,8450,0,0,0,0,0,10970000,0,0,0,0,0,49325,Y
2015-08-18,8905,0,0,0,0,0,29860000,0,0,0,0,0,23602,
2015-08-18,8906,0,0,0,0,0,12830400,0,0,0,0,0,671,X
2015-08-18,8908,0,0,0,0,0,31028936,0,0,0,0,0,1060,
2015-08-18,8913,0,0,0,0,0,13662301,0,0,0,0,0,2359,
2015-08-18,8916,61000,0,8000,0,53000,26457125,0,0,0,0,0,35198,
2015-08-18,8917,0,0,0,0,0,30550800,0,0,0,0,0,1367,
2015-08-18,8923,0,0,0,0,0,7593950,0,0,0,0,0,1484,
2015-08-18,8924,23000,0,10000,0,13000,30315820,76000,0,0,0,76000,99464,
2015-08-18,8925,8260000,642000,1748000,0,7154000,91310834,8376430,32000,0,0,8408430,1331708,
2015-08-18,8927,0,1000,0,0,1000,32958291,0,0,0,0,0,17666,
2015-08-18,8928,969000,34000,21000,0,982000,12713503,0,0,0,0,0,137293,
2015-08-18,8929,9000,0,0,0,9000,8764837,1000,0,0,0,1000,8648,
2015-08-18,8930,1000,0,0,0,1000,17503306,0,0,0,0,0,8652,
2015-08-18,8931,10000,0,0,0,10000,26655952,0,0,0,0,0,12391,
2015-08-18,8933,11000,1000,0,0,12000,37170683,708904,0,0,0,708904,130310,
2015-08-18,8935,0,0,0,0,0,30076597,0,0,0,0,0,26315,X
2015-08-18,8936,0,0,0,0,0,46739370,2422000,5000,0,0,2427000,543916,X
2015-08-18,8937,0,0,0,0,0,18119700,0,0,0,0,0,14008,
2015-08-18,8938,25000,0,0,0,25000,33585680,122000,0,0,0,122000,17802,
2015-08-18,8941,5000,0,0,0,5000,2298754,0,0,0,0,0,5823,
2015-08-18,8942,848000,74000,90000,44000,788000,31947036,1505000,39000,0,0,1544000,256123,
2015-08-18,911613,0,0,0,0,0,2875750,0,0,0,0,0,1453,Y
2015-08-18,9949,0,0,0,0,0,11758340,0,0,0,0,0,2629,
2015-08-18,9950,0,0,0,0,0,15130000,0,0,0,0,0,3386,
2015-08-18,9951,50000,27000,0,0,77000,18725000,242000,0,0,0,242000,154539,
2015-08-18,9960,2000,1000,0,0,3000,8398125,0,0,0,0,0,19402,
2015-08-18,9962,2000,0,2000,0,0,22555065,0,0,0,0,0,5563,
