date,stock_id,m_buy,m_sell,m_balance,m_limit,s_buy,s_sell,s_balance,m_prev,m_ret,s_prev,s_ret,note
2015-04-17,0050,305,70,3283,246875,38,21,1377,3048,0,1394,0,
2015-04-17,0051,2,0,4,4500,0,0,0,2,0,0,0,
2015-04-17,0052,0,0,0,2125,0,0,0,0,0,0,0,X
2015-04-17,0053,0,0,3,4747,0,0,0,3,0,0,0,
2015-04-17,0054,0,0,0,6031,0,0,0,0,0,0,0,X
2015-04-17,0055,3,85,289,24163,0,0,23,371,0,23,0,
2015-04-17,0056,4,0,190,44008,0,0,13,186,0,13,0,
2015-04-17,0057,0,0,0,2381,0,0,0,0,0,0,0,X
2015-04-17,0058,0,0,0,1299,0,0,0,0,0,0,0,X
2015-04-17,0059,0,0,5,3618,0,0,0,5,0,0,0,
2015-04-17,0060,0,0,0,1788,0,0,0,0,0,0,0,X
2015-04-17,0061,7243,4765,43852,272779,950,1541,9882,41374,0,9316,25,
2015-04-17,006203,0,0,0,2429,0,0,0,0,0,0,0,X
2015-04-17,006204,0,0,31,1750,0,0,0,31,0,0,0,
2015-04-17,006205,2665,3767,30359,137818,243,1749,5079,31461,0,3573,0,
2015-04-17,006206,1427,3499,24238,78444,31,174,3986,26310,0,3843,0,
2015-04-17,006207,1885,1801,21998,74723,54,305,8124,21915,1,7874,1,
2015-04-17,006208,0,0,0,760,0,0,0,0,0,0,0,X
2015-04-17,00631L,285,93,1940,9521,55,30,388,1748,0,413,0,
2015-04-17,00632R,122,173,12999,93037,0,2,5,13133,83,3,0,
2015-04-17,00633L,9892,6949,46692,84739,1886,1844,19400,43749,0,19444,2,
2015-04-17,00634R,15934,6152,74327,97064,627,50,235,64570,25,812,0,
2015-04-17,00635U,192,12,463,19753,0,0,0,283,0,0,0,
2015-04-17,00636,10049,1572,17655,68611,0,49,141,9178,0,92,0,
2015-04-17,0080,94,59,603,750,0,1,22,568,0,21,0,@
2015-04-17,0081,9,0,103,125,0,1,2,94,0,1,0,@
2015-04-17,008201,2367,586,10169,13485,37,153,1104,8388,0,988,0,
2015-04-17,1101,76,113,5041,923043,26,48,63,5079,1,41,0,
2015-04-17,1102,12,4,3626,840361,0,0,0,3618,0,0,0,X
2015-04-17,1103,115,75,6192,194207,16,13,99,6152,0,102,0,
2015-04-17,1104,203,42,6171,153992,0,0,0,6010,0,0,0,
2015-04-17,1108,1206,736,5430,101184,0,84,88,4960,0,4,0,
2015-04-17,1109,63,15,1590,105250,0,0,0,1542,0,0,0,
2015-04-17,1110,40,10,3606,143000,0,0,0,3576,0,0,0,
2015-04-17,1201,153,197,14663,126515,219,0,5,14707,0,226,2,X
2015-04-17,1203,1,10,1586,60000,4,0,0,1595,0,4,0,X
2015-04-17,1210,87,357,9155,184098,0,8,15,9425,0,7,0,
2015-04-17,1213,26,11,875,12868,0,0,10,860,0,10,0,
2015-04-17,1215,77,290,5571,60907,4,38,62,5784,0,28,0,
2015-04-17,1216,332,78,5577,1365869,210,2,341,5324,1,978,429,X
2015-04-17,1217,462,239,21379,121801,2,0,0,21162,6,2,0,X
2015-04-17,1218,0,2,1699,88334,0,0,0,1731,30,0,0,OX
2015-04-17,1219,3,20,21909,78297,0,0,0,21926,0,0,0,
2015-04-17,1220,157,220,2501,44269,0,0,0,2564,0,0,0,
2015-04-17,1225,118,31,40339,54675,14,0,0,40252,0,18,4,X
2015-04-17,1227,40,25,2608,180158,0,7,20,2593,0,13,0,X
2015-04-17,1229,0,27,2293,213634,1,0,0,2320,0,3,2,X
2015-04-17,1231,193,76,1698,37028,50,0,7,1581,0,57,0,X
2015-04-17,1232,0,3,117,39993,0,0,0,120,0,0,0,
2015-04-17,1233,0,0,1816,22647,0,0,0,1816,0,0,0,
2015-04-17,1234,4,23,1858,100467,0,0,0,1878,1,0,0,X
2015-04-17,1235,8,61,11186,14042,5,5,8,11239,0,8,0,
2015-04-17,1236,1,0,296,27085,0,0,0,295,0,0,0,
2015-04-17,1262,21,49,1624,37125,0,0,11,1652,0,11,0,X
2015-04-17,1301,15,72,1716,1591435,93,0,3,1773,0,97,1,X
2015-04-17,1303,78,95,2067,1982705,209,0,5,2084,0,215,1,X
2015-04-17,1304,318,259,15141,285650,2,23,213,15103,21,192,0,
2015-04-17,1305,652,1154,16903,117075,14,23,232,17407,2,223,0,
2015-04-17,1307,95,155,3243,93745,4,1,44,3303,0,47,0,
2015-04-17,1308,425,325,9482,117419,3,3,84,9382,0,84,0,
2015-04-17,1309,58,119,16862,81912,0,0,15,16938,15,15,0,
2015-04-17,1310,1026,546,56786,131967,0,52,418,56306,0,367,1,
2015-04-17,1312,518,1853,16182,226655,23,339,1227,17517,0,911,0,
2015-04-17,1313,17,134,10243,291298,5,0,0,10370,10,5,0,X
2015-04-17,1314,3296,3934,130504,579997,609,0,38,131163,21,658,11,X
2015-04-17,1315,1,6,1044,49500,0,0,0,1049,0,0,0,
2015-04-17,1316,0,0,0,24976,0,0,0,0,0,0,0,OX
2015-04-17,1319,102,160,18383,147869,0,22,29,18449,8,7,0,
2015-04-17,1321,40,45,6336,56807,0,0,24,6341,0,24,0,
2015-04-17,1323,25,40,3558,22818,0,0,0,3574,1,0,0,X
2015-04-17,1324,0,0,1292,18780,0,0,0,1292,0,0,0,
2015-04-17,1325,128,74,5154,25082,0,1,8,5100,0,7,0,
2015-04-17,1326,122,26,2045,1465296,4,15,79,1949,0,68,0,
2015-04-17,1337,134,164,15089,62457,68,2,429,15121,2,496,1,
2015-04-17,1338,126,179,6133,20960,0,1,1,6186,0,0,0,
2015-04-17,1339,321,151,9754,18981,1,148,699,9584,0,552,0,
2015-04-17,1340,95,65,5125,22094,0,0,8,5095,0,8,0,
2015-04-17,1402,167,196,6033,1311979,1,0,9,6062,0,10,0,X
2015-04-17,1409,960,323,28146,414820,1,1,91,27509,0,91,0,
2015-04-17,1410,2,5,1801,18000,0,0,0,1804,0,0,0,
2015-04-17,1413,0,0,0,25528,0,0,0,0,0,0,0,OX
2015-04-17,1414,572,146,7081,55000,0,0,14,6855,200,14,0,
2015-04-17,1416,14,59,6981,73338,0,0,2,7028,2,2,0,
2015-04-17,1417,758,248,13699,94970,0,0,0,13189,0,0,0,
2015-04-17,1418,0,0,0,32981,0,0,0,0,0,0,0,OX
2015-04-17,1419,0,0,1471,75010,0,0,0,1471,0,0,0,X
2015-04-17,1423,40,24,9131,43750,0,0,0,9115,0,0,0,X
2015-04-17,1432,42,51,11766,40997,0,30,168,11775,0,138,0,
2015-04-17,1434,15,22,1249,421166,10,0,1,1256,0,11,0,X
2015-04-17,1435,0,0,0,34945,0,0,0,0,0,0,0,OX
2015-04-17,1436,15,14,936,15000,0,0,0,935,0,0,0,
2015-04-17,1437,12,5,14428,50672,0,0,0,14654,233,0,0,
2015-04-17,1438,0,0,0,25602,0,0,0,0,0,0,0,OX
2015-04-17,1439,55,88,3639,23000,1,0,5,3672,0,6,0,
2015-04-17,1440,384,769,23441,410102,0,0,12,23881,55,12,0,
2015-04-17,1441,0,14,6248,22449,0,0,1,6264,2,1,0,OX
2015-04-17,1442,9,55,3576,55762,0,18,18,3622,0,0,0,
2015-04-17,1443,0,0,1018,33835,0,0,0,1018,0,0,0,OX
2015-04-17,1444,2366,2092,14909,239325,3,26,43,14635,0,20,0,
2015-04-17,1445,68,148,16078,34666,0,11,15,16158,0,4,0,
2015-04-17,1446,42,47,9656,34655,2,0,11,9667,6,13,0,
2015-04-17,1447,1077,1074,24919,217735,0,12,13,24919,3,1,0,
2015-04-17,1449,0,0,0,16653,0,0,0,0,0,0,0,OX
2015-04-17,1451,3,21,963,100000,0,0,0,981,0,0,0,
2015-04-17,1452,3583,4531,15429,33160,97,701,1630,16383,6,1032,6,
2015-04-17,1453,125,94,1962,21979,0,0,0,1943,12,0,0,
2015-04-17,1454,727,921,11535,35077,249,0,13,11732,3,275,13,X
2015-04-17,1455,8219,4788,32165,152940,0,124,130,28734,0,6,0,
2015-04-17,1456,0,0,0,16750,0,0,0,0,0,0,0,OX
2015-04-17,1457,2389,1645,17788,83791,0,13,63,17044,0,50,0,
2015-04-17,1459,426,700,6042,89657,6,1,1,6316,0,6,0,X
2015-04-17,1460,706,624,17708,117797,11,15,219,17628,2,215,0,
2015-04-17,1463,1775,1260,13983,43317,0,10,10,13468,0,0,0,
2015-04-17,1464,770,524,11956,54224,1,11,64,11710,0,54,0,
2015-04-17,1465,18,32,4016,25901,0,0,0,4030,0,0,0,X
2015-04-17,1466,6,15,6247,27789,0,0,14,6256,0,14,0,
2015-04-17,1467,479,314,7568,42052,50,3,38,7403,0,86,1,X
2015-04-17,1468,0,0,0,40101,0,0,0,0,0,0,0,OX
2015-04-17,1470,1,9,16,21441,0,0,0,24,0,0,0,
2015-04-17,1471,166,139,16979,50366,15,0,0,16952,0,15,0,X
2015-04-17,1472,0,0,0,14875,0,0,0,0,0,0,0,OX
2015-04-17,1473,71,29,1662,36662,0,0,13,1620,0,13,0,X
2015-04-17,1474,57,44,2340,32474,0,0,0,2327,0,0,0,
2015-04-17,1475,0,0,0,3384,0,0,0,0,0,0,0,OX
2015-04-17,1476,54,191,1930,65246,195,0,15,2068,1,328,118,X
2015-04-17,1477,491,504,2887,47827,0,70,77,2900,0,7,0,
2015-04-17,1503,5,24,1189,130243,0,0,0,1208,0,0,0,
2015-04-17,1504,105,44,9336,500673,4,1,62,9305,30,65,0,
2015-04-17,1506,67,64,19332,23062,0,3,30,19329,0,27,0,@
2015-04-17,1507,117,28,1972,102705,0,6,11,1883,0,5,0,
2015-04-17,1512,0,5,7808,45450,0,0,0,7813,0,0,0,OX
2015-04-17,1513,108,104,9856,105000,1,2,13,9870,18,12,0,
2015-04-17,1514,429,532,11445,50266,90,13,96,11548,0,173,0,
2015-04-17,1515,246,61,5387,45368,0,0,0,5202,0,0,0,
2015-04-17,1516,0,0,0,2128,0,0,0,0,0,0,0,OX
2015-04-17,1517,59,98,11990,56956,88,0,0,12319,290,88,0,X
2015-04-17,1519,219,211,6881,65264,0,34,34,6876,3,0,0,
2015-04-17,1521,49,86,1378,19057,20,1,4,1415,0,23,0,
2015-04-17,1522,893,759,14135,78224,4,37,44,14002,1,11,0,
2015-04-17,1524,30,63,15294,44921,2,0,0,15347,20,2,0,
2015-04-17,1525,602,740,2978,17311,8,0,0,3116,0,8,0,X
2015-04-17,1526,1593,1078,4019,8880,0,39,39,3504,0,0,0,
2015-04-17,1527,322,338,8330,38322,0,0,0,8346,0,0,0,X
2015-04-17,1528,287,175,6197,36750,12,100,194,6105,20,106,0,
2015-04-17,1529,0,0,0,39927,0,0,0,0,0,0,0,OX
2015-04-17,1530,8,18,1123,22998,0,0,0,1133,0,0,0,X
2015-04-17,1531,15,24,9468,48287,0,2,2,9477,0,0,0,
2015-04-17,1532,9,117,11459,91533,0,0,10,11567,0,11,1,
2015-04-17,1533,143,95,5038,23689,16,121,371,5000,10,266,0,
2015-04-17,1535,15,25,348,30935,1,0,0,358,0,1,0,X
2015-04-17,1536,274,332,10095,58739,31,103,931,10156,3,859,0,
2015-04-17,1537,243,248,2958,20396,0,5,21,2966,3,16,0,
2015-04-17,1538,0,0,0,18841,0,0,0,0,0,0,0,OX
2015-04-17,1539,89,207,4379,16342,0,8,11,4533,36,3,0,
2015-04-17,1540,16,62,2950,21368,0,0,1,2996,0,1,0,
2015-04-17,1541,148,248,2162,19700,0,0,0,2262,0,0,0,X
2015-04-17,1558,20,53,1826,15138,2,2,3,1859,0,3,0,
2015-04-17,1560,129,164,6655,35250,4,21,28,6696,6,11,0,
2015-04-17,1568,1291,382,1845,25771,0,0,0,936,0,0,0,X
2015-04-17,1582,65,83,4430,37464,0,0,37,4448,0,37,0,
2015-04-17,1583,6,21,934,25002,1,0,0,949,0,1,0,X
2015-04-17,1589,143,220,5236,26448,25,72,1536,5313,0,1489,0,
2015-04-17,1590,71,102,1846,42624,4,2,32,1878,1,34,0,
2015-04-17,1603,0,18,3601,85575,0,0,1,3619,0,1,0,
2015-04-17,1604,79,34,8001,131250,10,0,0,7956,0,10,0,
2015-04-17,1605,788,361,99247,894000,38,6,258,98820,0,290,0,
2015-04-17,1608,163,0,7841,158193,0,0,0,7678,0,0,0,
2015-04-17,1609,35,386,17150,143045,0,0,0,17501,0,0,0,
2015-04-17,1611,241,384,7377,99609,87,0,66,7520,0,153,0,X
2015-04-17,1612,13,64,6783,81037,0,0,0,6834,0,0,0,X
2015-04-17,1613,4,67,11966,50000,10,0,3,12029,0,13,0,
2015-04-17,1614,12,5,2134,67278,0,0,0,2127,0,0,0,
2015-04-17,1615,26,42,888,27965,0,0,0,904,0,0,0,
2015-04-17,1616,0,0,0,48537,0,0,0,0,0,0,0,OX
2015-04-17,1617,6,1,1075,36058,0,0,0,1070,0,0,0,X
2015-04-17,1618,64,139,8729,60216,0,0,0,8804,0,0,0,X
2015-04-17,1626,8,18,2434,30623,0,1,6,2444,0,5,0,
2015-04-17,1701,18,54,7383,74520,0,0,0,7423,4,0,0,
2015-04-17,1702,157,90,3819,73533,8,43,189,3752,0,154,0,
2015-04-17,1704,2905,959,19016,213239,45,137,836,17076,6,744,0,
2015-04-17,1707,386,473,3774,32558,43,15,131,3862,1,160,1,X
2015-04-17,1708,300,429,7538,43504,25,13,128,7667,0,140,0,
2015-04-17,1709,2,7,3387,107483,0,0,0,3392,0,0,0,
2015-04-17,1710,151,125,3554,221425,19,4,36,3528,0,51,0,
2015-04-17,1711,85,342,21098,124206,91,2,149,21488,133,238,0,
2015-04-17,1712,153,129,8277,85922,0,477,1191,8253,0,714,0,
2015-04-17,1713,10,4,4340,37737,0,0,0,4334,0,0,0,X
2015-04-17,1714,257,376,27736,239648,76,0,0,27880,25,76,0,X
2015-04-17,1715,22,46,11573,87071,0,47,156,11622,25,109,0,
2015-04-17,1717,16,121,3845,255542,0,0,0,3950,0,0,0,
2015-04-17,1718,972,1494,76185,340423,0,91,126,76707,0,35,0,
2015-04-17,1720,72,123,4041,44674,0,0,0,4092,0,0,0,
2015-04-17,1721,0,0,0,14031,0,0,0,0,0,0,0,OX
2015-04-17,1722,186,172,12642,245000,8,0,0,12632,4,8,0,X
2015-04-17,1723,26,16,1466,59226,0,8,35,1459,3,27,0,
2015-04-17,1724,6,13,2371,31953,0,0,0,2379,1,0,0,
2015-04-17,1725,3,9,280,45625,0,0,0,286,0,0,0,
2015-04-17,1726,0,41,710,40500,0,0,0,751,0,0,0,
2015-04-17,1727,6,2,4573,26250,0,0,0,4619,50,0,0,
2015-04-17,1729,36,77,36828,46353,18,28,607,36869,0,597,0,
2015-04-17,1730,96,74,2264,13370,1,0,0,2242,0,1,0,
2015-04-17,1731,90,67,4642,33228,0,0,0,4619,0,0,0,
2015-04-17,1732,441,336,2799,10610,0,19,19,2694,0,0,0,
2015-04-17,1733,6,20,1437,24632,0,0,20,1451,0,20,0,
2015-04-17,1734,25,18,11887,40317,0,9,19,11882,2,10,0,
2015-04-17,1735,49,6,1268,24847,0,0,0,1225,0,0,0,X
2015-04-17,1736,360,244,5200,75604,28,0,7,5094,10,35,0,X
2015-04-17,1737,162,117,7199,50000,0,0,0,7158,4,3,3,X
2015-04-17,1762,432,329,4062,19390,9,3,5,4009,50,11,0,
2015-04-17,1773,2,1,174,37500,0,0,0,173,0,0,0,
2015-04-17,1783,311,232,4932,17642,0,0,0,4853,0,1,1,X
2015-04-17,1786,206,238,5565,13375,0,0,0,5597,0,0,0,X
2015-04-17,1789,178,359,9378,175741,52,0,0,9563,4,53,1,X
2015-04-17,1802,4,8,4591,594515,3,0,24,4595,0,27,0,
2015-04-17,1805,0,4,3491,13337,0,0,0,3495,0,0,0,OX
2015-04-17,1806,27,47,11031,109333,0,0,0,11051,0,0,0,
2015-04-17,1808,172,195,7003,53752,10,6,29,7026,0,33,0,
2015-04-17,1809,10,45,15111,47455,0,0,0,15146,0,0,0,X
2015-04-17,1810,72,47,30894,92463,0,0,0,30869,0,0,0,X
2015-04-17,1817,18,5,665,18150,0,0,0,652,0,0,0,
2015-04-17,1902,100,112,10375,100500,0,0,0,10387,0,0,0,
2015-04-17,1903,11,28,1718,65009,0,0,3,1735,0,3,0,
2015-04-17,1904,24,67,2789,277068,0,0,33,2832,0,33,0,
2015-04-17,1905,657,1214,20487,305708,62,0,0,21044,0,63,1,X
2015-04-17,1906,17,4,8244,37750,0,0,0,8231,0,0,0,
2015-04-17,1907,28,162,24178,415092,3,0,4,24521,209,7,0,
2015-04-17,1909,44,109,13996,209278,1,0,9,14061,0,10,0,
2015-04-17,2002,133,25,6620,3933715,89,0,0,6514,2,89,0,X
2015-04-17,2006,1,23,2704,249555,1,0,0,2727,1,1,0,X
2015-04-17,2007,0,0,0,50350,0,0,0,0,0,0,0,OX
2015-04-17,2008,7,10,4423,68871,0,0,0,4426,0,0,0,X
2015-04-17,2009,0,2,2250,89905,0,0,0,2252,0,0,0,X
2015-04-17,2010,5,0,2108,161913,0,0,0,2103,0,0,0,
2015-04-17,2012,242,92,4458,71943,2,0,0,4308,0,2,0,X
2015-04-17,2013,3,2,420,50000,1,0,0,419,0,1,0,X
2015-04-17,2014,0,0,0,358886,0,0,0,0,0,0,0,OX
2015-04-17,2015,4,2,768,145399,0,0,5,768,2,5,0,
2015-04-17,2017,76,214,11370,96219,0,0,0,11508,0,0,0,X
2015-04-17,2020,35,38,8553,64781,0,2,7,8556,0,5,0,
2015-04-17,2022,0,0,434,136772,0,0,0,434,0,0,0,OX
2015-04-17,2023,87,236,28072,417012,0,0,0,28221,0,0,0,
2015-04-17,2024,28,43,4286,25500,0,0,0,4301,0,0,0,
2015-04-17,2025,0,0,0,80708,0,0,0,0,0,0,0,OX
2015-04-17,2027,106,29,14108,194274,0,0,0,14031,0,0,0,X
2015-04-17,2028,0,0,0,66250,0,0,0,0,0,0,0,OX
2015-04-17,2029,0,4,597,80295,0,0,0,601,0,0,0,
2015-04-17,2030,83,142,6392,68220,0,20,53,6451,0,33,0,
2015-04-17,2031,2,6,2996,69709,0,0,0,3000,0,0,0,
2015-04-17,2032,51,63,4173,32630,2,1,1,4185,0,2,0,
2015-04-17,2033,2,0,3063,20173,0,5,5,3061,0,0,0,
2015-04-17,2034,36,123,5906,92529,0,0,3,5993,0,3,0,
2015-04-17,2038,5,20,4076,43158,0,0,0,4091,0,0,0,
2015-04-17,2049,112,205,12101,65358,146,0,9,12196,2,168,13,X
2015-04-17,2059,5,17,1375,23824,37,0,2,1387,0,39,0,X
2015-04-17,2062,153,259,8012,40750,11,3,110,8118,0,118,0,
2015-04-17,2101,138,86,34523,208483,0,11,20,34472,1,9,0,
2015-04-17,2102,5,30,10650,114297,0,0,0,10676,1,0,0,
2015-04-17,2103,905,858,7010,206427,21,75,206,6964,1,154,2,
2015-04-17,2104,221,87,14566,137306,0,0,0,14432,0,0,0,X
2015-04-17,2105,88,55,10557,810353,5,27,177,10525,1,155,0,
2015-04-17,2106,130,20,7513,204112,10,0,0,7403,0,10,0,X
2015-04-17,2107,7,37,4647,124297,0,10,50,4677,0,40,0,
2015-04-17,2108,646,283,2783,103748,2,6,35,2420,0,32,1,
2015-04-17,2109,67,134,15645,63016,19,0,2,15712,0,21,0,
2015-04-17,2114,18,6,1437,16881,2,0,0,1425,0,2,0,X
2015-04-17,2115,48,45,2626,18623,0,2,2,2623,0,0,0,X
2015-04-17,2201,137,113,13518,393229,0,65,74,13494,0,9,0,
2015-04-17,2204,76,198,3309,346012,2,0,0,3431,0,2,0,X
2015-04-17,2206,553,636,83486,225011,54,0,5,83579,10,62,3,X
2015-04-17,2207,2,6,272,136544,17,0,0,277,1,17,0,X
2015-04-17,2208,0,0,2722,185891,0,0,0,2726,4,0,0,
2015-04-17,2228,78,59,1348,17926,0,9,9,1329,0,0,0,
2015-04-17,2231,38,30,2831,18104,7,36,139,2823,0,110,0,
2015-04-17,2301,146,769,16575,585418,25,0,0,17208,10,27,2,X
2015-04-17,2302,815,559,11807,18699,17,3,43,11551,0,57,0,X
2015-04-17,2303,6712,5573,145466,3187396,621,364,2530,144564,237,2787,0,
2015-04-17,2305,0,0,0,42355,0,0,0,0,0,0,0,OX
2015-04-17,2308,63,64,3230,609385,30,6,189,3235,4,213,0,
2015-04-17,2311,648,925,20451,1971970,1627,0,59,20771,43,1841,155,X
2015-04-17,2312,1038,694,83364,364528,0,0,0,83077,57,6,6,X
2015-04-17,2313,2721,1381,59945,297955,424,141,749,58605,0,1032,0,
2015-04-17,2314,0,7,728,67481,0,0,0,787,52,0,0,OX
2015-04-17,2316,3336,1986,32981,79780,325,119,423,31631,0,630,1,
2015-04-17,2317,2136,1386,133467,3698351,721,0,8,132916,199,739,10,X
2015-04-17,2321,0,0,0,74332,0,0,0,0,0,0,0,OX
2015-04-17,2323,1152,882,147644,645390,0,0,48,147399,25,48,0,
2015-04-17,2324,2818,2164,36590,1118149,767,53,1181,35936,0,1896,1,X
2015-04-17,2325,731,97,8032,779090,133,306,372,7398,0,199,0,
2015-04-17,2327,1717,853,7652,169249,4,126,333,6788,0,211,0,
2015-04-17,2328,210,129,19415,129586,0,10,12,19355,21,2,0,
2015-04-17,2329,0,0,0,164989,0,0,0,0,0,0,0,OX
2015-04-17,2330,3153,1832,36227,6482575,960,245,1119,34917,11,1834,0,
2015-04-17,2331,801,391,32161,139350,42,64,287,31762,11,265,0,
2015-04-17,2332,296,424,27144,161938,11,2,3,27272,0,12,0,
2015-04-17,2337,0,0,0,889665,0,0,0,0,0,0,0,OX
2015-04-17,2338,8,29,6003,65678,0,0,0,6024,0,0,0,X
2015-04-17,2340,4099,4680,27840,136415,16,0,2,28424,3,18,0,X
2015-04-17,2342,0,0,0,93063,0,0,0,0,0,0,0,OX
2015-04-17,2344,4251,2343,110466,923745,1,123,272,108558,0,150,0,
2015-04-17,2345,237,182,18023,133571,12,1,142,18043,75,153,0,
2015-04-17,2347,152,168,15968,397130,1,4,33,15985,1,30,0,
2015-04-17,2348,0,0,0,597,0,0,0,0,0,0,0,OX
2015-04-17,2349,0,0,0,653231,0,0,0,0,0,0,0,OX
2015-04-17,2351,26,68,10137,45556,4,0,0,10179,0,4,0,X
2015-04-17,2352,970,1702,106773,491695,3,43,66,107553,48,26,0,
2015-04-17,2353,807,681,101401,774141,76,0,0,101278,3,80,4,X
2015-04-17,2354,339,554,20331,344181,349,0,3,20546,0,355,3,X
2015-04-17,2355,56,88,5964,99373,120,0,21,5996,0,143,2,X
2015-04-17,2356,1392,603,60136,896868,7,24,182,59352,5,165,0,
2015-04-17,2357,161,151,2790,185690,2,77,126,2780,0,51,0,
2015-04-17,2358,0,0,0,16250,0,0,0,0,0,0,0,OX
2015-04-17,2359,218,129,16462,42867,15,20,50,16373,0,45,0,
2015-04-17,2360,6,35,1849,94696,0,10,131,1878,0,121,0,
2015-04-17,2361,0,0,0,18115,0,0,0,0,0,0,0,OX
2015-04-17,2362,11,81,14546,170790,12,13,23,14635,19,22,0,
2015-04-17,2363,30,140,21502,153383,8,0,0,21615,3,8,0,X
2015-04-17,2364,0,0,0,47536,0,0,0,0,0,0,0,OX
2015-04-17,2365,78,43,11083,75812,0,1,8,11048,0,7,0,
2015-04-17,2367,1642,996,31845,141579,58,0,169,31199,0,227,0,X
2015-04-17,2368,2642,2668,48260,141228,51,377,656,48287,1,330,0,
2015-04-17,2369,118,160,31827,95025,4,0,30,31894,25,34,0,
2015-04-17,2371,1051,2237,216395,584884,18,4,13,217733,152,27,0,
2015-04-17,2373,1,14,1055,84358,0,0,0,1068,0,0,0,
2015-04-17,2374,36,18,4991,118259,1,0,3,4973,0,4,0,X
2015-04-17,2375,760,326,11550,23683,0,7,27,11116,0,20,0,
2015-04-17,2376,22,85,5347,157253,0,8,15,5414,4,7,0,
2015-04-17,2377,122,244,21344,211214,4,16,262,21467,1,250,0,
2015-04-17,2379,62,58,10762,126237,4,44,378,10758,0,339,1,
2015-04-17,2380,140,51,16582,55056,0,1,2,16494,1,1,0,
2015-04-17,2382,123,141,8282,965656,0,26,30,8301,1,4,0,
2015-04-17,2383,368,482,16414,79098,33,19,96,16528,0,110,0,
2015-04-17,2385,24,24,2278,173716,0,0,3,2278,0,3,0,
2015-04-17,2387,297,387,27263,90945,10,40,289,27553,200,259,0,
2015-04-17,2388,0,0,0,85825,0,0,0,0,0,0,0,OX
2015-04-17,2390,1071,1084,28013,53825,227,613,1819,28026,0,1433,0,
2015-04-17,2392,245,342,12193,128081,30,14,100,12291,1,117,1,
2015-04-17,2393,130,141,6471,107774,5,700,936,6482,0,241,0,
2015-04-17,2395,269,162,2116,157879,60,15,274,2009,0,319,0,
2015-04-17,2397,256,212,3437,28709,1,70,77,3393,0,8,0,
2015-04-17,2399,42,6,6646,44525,0,0,0,6610,0,0,0,
2015-04-17,2401,2452,2534,46087,147998,183,69,413,46169,0,527,0,
2015-04-17,2402,203,425,45589,85163,56,168,293,45813,2,181,0,
2015-04-17,2404,97,245,3443,59558,0,1,2,3591,0,1,0,
2015-04-17,2405,590,733,36361,87118,0,0,0,36727,223,0,0,X
2015-04-17,2406,3256,2826,50170,76849,2,0,0,49741,1,30,28,X
2015-04-17,2408,180,160,13741,83427,66,65,808,13721,0,809,0,
2015-04-17,2409,7168,7181,242226,2358788,578,536,5158,242264,25,5200,0,
2015-04-17,2412,18,4,817,1939361,3,0,14,803,0,17,0,X
2015-04-17,2413,51,195,8815,31839,39,0,0,8959,0,39,0,X
2015-04-17,2414,114,54,4015,40433,11,0,0,3955,0,11,0,X
2015-04-17,2415,58,39,8069,22794,1,1,3,8050,0,3,0,
2015-04-17,2417,302,363,11795,49791,0,4,65,11856,0,61,0,
2015-04-17,2419,1221,851,33585,60137,10,27,331,33216,1,314,0,
2015-04-17,2420,70,152,5896,38162,6,6,11,5978,0,11,0,
2015-04-17,2421,158,203,12190,62732,0,3,10,12235,0,8,1,
2015-04-17,2423,0,13,3107,32890,0,0,0,3120,0,0,0,
2015-04-17,2424,0,0,373,7500,0,0,0,373,0,0,0,
2015-04-17,2425,126,239,5830,14331,4,0,9,5948,5,13,0,
2015-04-17,2426,4076,5041,21741,68982,70,965,2220,22706,0,1329,4,
2015-04-17,2427,193,92,10056,46828,0,0,5,9955,0,6,1,
2015-04-17,2428,10,35,3311,31827,0,5,6,3336,0,1,0,
2015-04-17,2429,0,0,0,4190,0,0,0,0,0,0,0,OX
2015-04-17,2430,55,19,1285,41865,13,0,38,1249,0,51,0,
2015-04-17,2431,706,1107,15470,27731,18,76,150,15876,5,92,0,
2015-04-17,2433,1,6,540,36124,0,0,0,545,0,0,0,
2015-04-17,2434,156,5,215,15480,0,0,0,64,0,0,0,X
2015-04-17,2436,764,1496,28487,55350,456,231,1565,29244,25,1790,0,
2015-04-17,2437,594,297,4004,16607,88,0,0,3707,0,191,103,X
2015-04-17,2438,0,0,0,6952,0,0,0,0,0,0,0,OX
2015-04-17,2439,2364,1312,19991,46256,632,593,1485,18962,23,1544,20,
2015-04-17,2440,0,0,0,25916,0,0,0,0,0,0,0,OX
2015-04-17,2441,78,79,5975,142211,12,0,16,5977,1,28,0,
2015-04-17,2442,1394,1156,8238,43996,48,42,2064,8000,0,2070,0,
2015-04-17,2443,2602,1213,29310,36421,30,260,611,27921,0,381,0,@
2015-04-17,2444,21,70,5240,17323,1,0,0,5289,0,1,0,
2015-04-17,2448,1800,2317,65249,275409,118,21,877,65772,6,1002,28,
2015-04-17,2449,234,442,14235,298075,70,190,249,14443,0,129,0,
2015-04-17,2450,32,47,5385,64563,3,10,46,5400,0,39,0,
2015-04-17,2451,43,182,1744,107690,1,8,15,1883,0,8,0,
2015-04-17,2453,31,120,9532,25000,0,1,1,9621,0,0,0,
2015-04-17,2454,483,230,20565,392894,63,59,333,20339,27,337,0,
2015-04-17,2455,251,379,16152,61635,27,94,525,16280,0,458,0,
2015-04-17,2456,1118,424,8336,31742,193,54,759,7645,3,901,3,
2015-04-17,2457,180,97,21091,69422,1,0,339,21008,0,340,0,
2015-04-17,2458,494,216,34769,110286,60,37,585,34493,2,608,0,
2015-04-17,2459,48,37,2948,28415,0,0,0,2937,0,0,0,
2015-04-17,2460,6,12,5343,42899,0,0,0,5349,0,0,0,
2015-04-17,2461,14,44,27628,43541,0,0,0,27658,0,0,0,
2015-04-17,2462,6,45,6244,26334,0,0,14,6288,5,14,0,
2015-04-17,2464,44,57,7544,45642,0,1,22,7557,0,21,0,
2015-04-17,2465,0,0,0,26793,0,0,0,0,0,0,0,OX
2015-04-17,2466,2,0,5168,34201,5,0,0,5166,0,5,0,X
2015-04-17,2467,34,29,9755,39686,0,0,1,9789,39,1,0,
2015-04-17,2468,2,6,4360,17490,0,0,0,4364,0,0,0,
2015-04-17,2471,118,103,3665,11813,0,0,0,3650,0,0,0,X
2015-04-17,2472,182,120,5409,38586,0,0,0,5347,0,0,0,X
2015-04-17,2474,294,495,12512,192597,66,121,1042,12714,1,987,0,
2015-04-17,2475,0,0,0,1619863,0,0,0,0,0,0,0,OX
2015-04-17,2476,5,1,4484,45013,0,0,0,4480,0,0,0,
2015-04-17,2477,60,119,4193,59703,0,0,0,4252,0,1,1,X
2015-04-17,2478,41,73,9938,65916,0,0,84,9970,0,84,0,
2015-04-17,2480,120,46,3783,33237,0,0,0,3709,0,0,0,X
2015-04-17,2481,393,413,29027,97039,2,8,91,29057,10,85,0,
2015-04-17,2482,350,205,10468,15518,2,35,147,10323,0,114,0,
2015-04-17,2483,68,152,7217,28333,0,1,27,7301,0,26,0,
2015-04-17,2484,974,439,17899,39855,0,15,39,17364,0,24,0,
2015-04-17,2485,292,132,23085,79422,0,2,4,22925,0,2,0,
2015-04-17,2486,49,129,17456,51311,0,0,0,17536,0,0,0,
2015-04-17,2488,27,135,6485,19999,6,0,0,6597,4,7,1,X
2015-04-17,2489,80,314,13152,208590,0,3,3,13386,0,0,0,
2015-04-17,2491,0,0,0,8137,0,0,0,0,0,0,0,OX
2015-04-17,2492,1116,636,19359,170765,80,9,45,18879,0,117,1,
2015-04-17,2493,63,207,5369,28609,0,0,1,5513,0,1,0,
2015-04-17,2495,806,1048,11707,70763,13,7,10,11968,19,16,0,
2015-04-17,2496,0,0,0,7866,0,0,0,0,0,0,0,OX
2015-04-17,2497,257,238,6369,29699,15,37,375,6350,0,353,0,
2015-04-17,2498,941,703,55146,207009,280,704,3238,54928,20,2814,0,
2015-04-17,2499,374,297,23703,80167,20,89,229,23626,0,160,0,
2015-04-17,2501,70,136,4619,414128,24,2,90,4685,0,112,0,
2015-04-17,2504,20,355,36241,379824,0,0,9,36577,1,9,0,
2015-04-17,2505,24,41,9852,136814,0,0,12,9989,120,12,0,
2015-04-17,2506,85,184,8672,96750,0,0,0,8831,60,0,0,
2015-04-17,2509,16,3,4351,37938,0,0,0,4338,0,0,0,
2015-04-17,2511,62,160,19890,415585,0,0,6,20018,30,6,0,
2015-04-17,2514,93,220,104150,140803,1,0,120,104277,0,121,0,
2015-04-17,2515,1728,1140,78477,381254,0,0,0,77893,4,0,0,
2015-04-17,2516,2,19,8956,59119,0,0,0,9213,240,0,0,X
2015-04-17,2520,144,495,43499,125947,16,1,95,43851,1,112,2,
2015-04-17,2524,1,44,3748,93981,1,0,0,4061,270,1,0,X
2015-04-17,2527,14,27,12333,67576,0,0,0,12346,0,0,0,X
2015-04-17,2528,159,87,5480,30250,0,4,4,5408,0,0,0,
2015-04-17,2530,81,53,31550,67688,2,7,47,31522,0,42,0,
2015-04-17,2534,1568,1026,23618,147272,49,0,0,23081,5,49,0,X
2015-04-17,2535,3,19,2526,54905,0,0,0,2542,0,0,0,
2015-04-17,2536,60,0,14320,83202,0,0,1,15774,1514,1,0,
2015-04-17,2537,88,25,8338,61942,0,0,0,8275,0,0,0,
2015-04-17,2538,73,476,15943,104756,0,0,0,16623,277,0,0,
2015-04-17,2539,0,0,213,59659,0,0,0,213,0,0,0,
2015-04-17,2540,3,0,117,14250,0,0,0,114,0,0,0,X
2015-04-17,2542,99,325,8234,224351,17,37,726,8462,2,707,1,
2015-04-17,2543,15,7,3723,44745,0,0,0,3715,0,0,0,
2015-04-17,2545,80,42,7036,81933,1,2,45,7000,2,44,0,
2015-04-17,2546,9,5,694,26508,0,0,0,690,0,0,0,
2015-04-17,2547,528,229,36617,219220,0,0,0,36326,8,8,8,X
2015-04-17,2548,45,100,2893,69203,0,17,28,2949,1,11,0,
2015-04-17,2597,6,1,705,33750,0,0,0,700,0,0,0,
2015-04-17,2601,74,100,28066,94404,0,0,23,28095,3,23,0,
2015-04-17,2603,542,282,25878,869395,68,66,507,25621,3,509,0,
2015-04-17,2605,29,84,1781,142076,0,0,0,1836,0,0,0,
2015-04-17,2606,23,3,1457,214504,0,0,0,1437,0,0,0,
2015-04-17,2607,173,276,24666,266785,0,0,0,24773,4,0,0,
2015-04-17,2608,47,6,3695,120895,0,0,0,3654,0,0,0,X
2015-04-17,2609,3000,3385,72932,749479,49,174,445,73317,0,320,0,
2015-04-17,2610,0,0,0,1191774,0,0,0,0,0,0,0,OX
2015-04-17,2611,42,44,12963,43534,0,0,0,12965,0,0,0,
2015-04-17,2612,0,7,1850,64118,0,0,1,1857,0,1,0,
2015-04-17,2613,15,27,4983,23362,0,0,1,5005,10,1,0,
2015-04-17,2614,339,448,51560,173996,43,100,149,51679,10,92,0,
2015-04-17,2615,293,157,5129,554574,128,89,426,4994,1,465,0,
2015-04-17,2616,26,0,208,28252,0,0,0,182,0,0,0,X
2015-04-17,2617,67,37,3691,104323,0,0,0,3661,0,0,0,X
2015-04-17,2618,3446,2298,58295,964736,339,346,2432,57147,0,2425,0,
2015-04-17,2634,213,347,3942,227065,7,0,0,4076,0,7,0,X
2015-04-17,2637,129,230,6810,121581,0,33,440,6911,0,407,0,
2015-04-17,2642,62,59,2647,23866,0,20,21,2644,0,1,0,
2015-04-17,2701,6,17,1394,94758,0,0,1,1405,0,1,0,
2015-04-17,2702,5,0,1222,22519,0,0,0,1217,0,0,0,
2015-04-17,2704,0,20,990,91730,0,0,0,1010,0,0,0,
2015-04-17,2705,81,167,12549,82560,0,0,0,12635,0,0,0,X
2015-04-17,2706,19,4,2217,98000,0,0,0,2202,0,0,0,
2015-04-17,2707,15,6,239,29230,0,0,0,230,0,0,0,
2015-04-17,2712,0,0,207,26250,0,0,0,207,0,0,0,
2015-04-17,2722,1,2,198,22300,0,0,0,199,0,0,0,
2015-04-17,2723,126,30,1152,35280,4,3,31,1056,0,32,0,
2015-04-17,2727,58,90,884,19246,6,1,39,916,0,44,0,
2015-04-17,2731,116,118,1078,17500,4,5,8,1080,0,7,0,
2015-04-17,2801,100,107,14178,1530495,0,0,2,14195,10,2,0,
2015-04-17,2809,191,382,7199,300308,0,12,112,7390,0,100,0,
2015-04-17,2812,250,107,22249,712876,0,0,0,22106,0,0,0,
2015-04-17,2816,36,76,6501,53240,0,0,0,6541,0,0,0,X
2015-04-17,2820,94,1,3749,335740,0,0,0,3656,0,0,0,
2015-04-17,2823,3338,1394,28946,759124,69,9,249,27121,119,309,0,X
2015-04-17,2832,10,5,763,90954,0,1,1,758,0,0,0,
2015-04-17,2833,668,979,54205,242057,38,3,352,54666,150,387,0,
2015-04-17,2834,667,688,65517,1324478,0,0,26,65538,0,26,0,X
2015-04-17,2836,18,34,10925,185087,0,1,1,11144,203,0,0,
2015-04-17,2838,76,4,9013,612732,0,0,2,8941,0,2,0,X
2015-04-17,2841,254,779,63838,165502,104,10,323,64365,2,477,60,
2015-04-17,2845,57,826,16330,715456,0,0,2,17119,20,2,0,
2015-04-17,2847,163,256,17150,505251,0,20,140,17243,0,120,0,
2015-04-17,2849,4,88,956,223699,0,0,0,1040,0,0,0,
2015-04-17,2850,12,14,759,78990,0,0,0,761,0,0,0,
2015-04-17,2851,1,3,194,140568,0,0,0,196,0,0,0,
2015-04-17,2852,125,67,1876,75290,0,0,0,1818,0,0,0,X
2015-04-17,2855,28,24,6071,330779,0,0,0,6067,0,0,0,
2015-04-17,2856,3,211,8582,384972,0,0,5,8790,0,5,0,X
2015-04-17,2867,141,225,6918,338114,1,0,0,7004,2,1,0,X
2015-04-17,2880,352,51,13167,2331992,0,0,14,12869,3,14,0,
2015-04-17,2881,342,352,20823,2558400,29,58,380,20833,0,351,0,
2015-04-17,2882,321,580,47621,3140802,2,43,471,47930,50,430,0,
2015-04-17,2883,2645,1940,88328,3836904,101,550,1610,87625,2,1163,2,
2015-04-17,2884,139,1232,15253,1825412,0,109,135,16347,1,26,0,
2015-04-17,2885,503,4547,47567,2535266,1,323,824,51611,0,502,0,
2015-04-17,2886,40,60,12086,3112455,139,2,322,12106,0,459,0,X
2015-04-17,2887,1835,1476,70505,2214097,5,6,24,70148,2,23,0,
2015-04-17,2888,1272,5800,130108,2458688,10,325,1061,134636,0,746,0,
2015-04-17,2889,122,88,30691,671841,0,0,0,30657,0,0,0,X
2015-04-17,2890,2047,986,51651,2367730,0,4,13,50606,16,9,0,
2015-04-17,2891,3604,3645,53304,3814320,77,15,840,53363,18,902,0,
2015-04-17,2892,479,93,33462,2314813,0,0,22,33076,0,22,0,X
2015-04-17,2901,1,5,3471,18260,0,0,0,3475,0,0,0,X
2015-04-17,2903,215,17,11992,359798,0,0,0,11794,0,0,0,X
2015-04-17,2904,14,1,422,17258,0,0,0,409,0,0,0,X
2015-04-17,2905,460,573,10369,170342,1,0,0,10482,0,1,0,X
2015-04-17,2906,5,1,3349,52995,0,0,0,3345,0,0,0,
2015-04-17,2908,261,246,6633,128488,0,10,30,6618,0,20,0,
2015-04-17,2910,3,7,10,52181,0,0,0,14,0,0,0,
2015-04-17,2911,32,28,7140,52823,0,0,0,7138,2,0,0,X
2015-04-17,2912,67,24,1648,259905,1,3,22,1606,1,20,0,
2015-04-17,2913,707,550,37976,167560,4,1,8,37929,110,11,0,
2015-04-17,2915,200,412,12631,235358,139,0,2,12843,0,141,0,X
2015-04-17,2929,416,472,5552,14520,0,5,6,5608,0,1,0,
2015-04-17,3002,9,3,4544,25500,1,0,0,4538,0,1,0,X
2015-04-17,3003,111,92,10772,38491,5,7,63,10753,0,61,0,
2015-04-17,3004,109,173,5971,13161,2,0,1,6042,7,3,0,
2015-04-17,3005,2083,2350,34559,145509,37,552,595,34827,1,81,1,X
2015-04-17,3006,631,1396,37795,68109,227,304,1311,38560,0,1234,0,
2015-04-17,3008,89,232,1209,33535,2,61,312,1352,0,253,0,
2015-04-17,3010,142,169,2066,57847,0,0,0,2093,0,0,0,X
2015-04-17,3011,159,35,12375,28179,0,0,44,12255,4,44,0,
2015-04-17,3013,107,103,33988,45000,85,91,367,33984,0,361,0,
2015-04-17,3014,1884,1081,17129,39473,1,403,476,16332,6,74,0,
2015-04-17,3015,11,32,4801,58616,0,0,0,4822,0,0,0,
2015-04-17,3016,499,424,10567,20371,1,0,2,10492,0,3,0,
2015-04-17,3017,5346,4516,34679,88327,58,232,537,33849,0,363,0,
2015-04-17,3018,60,63,8756,12735,1,0,67,8759,0,68,0,
2015-04-17,3019,450,847,26951,70270,50,149,687,27359,11,588,0,
2015-04-17,3021,26,14,4365,27064,0,0,0,4353,0,0,0,
2015-04-17,3022,566,544,17509,82078,6,14,19,17487,0,11,0,
2015-04-17,3023,325,431,10347,51989,14,1,173,10453,0,186,0,
2015-04-17,3024,0,0,1993,70539,0,0,0,1993,0,0,0,OX
2015-04-17,3025,70,166,4256,17730,0,0,0,4352,0,0,0,X
2015-04-17,3026,0,24,2089,55987,0,0,7,2113,0,7,0,
2015-04-17,3027,32,22,14804,24166,0,0,14,14794,0,14,0,
2015-04-17,3028,12,106,2352,53449,0,0,0,2446,0,0,0,
2015-04-17,3029,2718,2265,13438,23686,92,492,5294,12985,0,4894,0,
2015-04-17,3030,484,458,6845,59054,13,5,117,6819,0,125,0,
2015-04-17,3031,805,483,11490,49168,60,5,33,11170,2,89,1,
2015-04-17,3032,71,140,8573,25821,1,25,30,8642,0,6,0,
2015-04-17,3033,0,4,922,67841,0,0,0,926,0,0,0,
2015-04-17,3034,134,121,7076,152127,3,26,80,7064,1,57,0,
2015-04-17,3035,1046,1501,50193,103562,108,205,1290,50648,0,1193,0,
2015-04-17,3036,177,338,4407,101735,2,20,24,4568,0,6,0,
2015-04-17,3037,2772,1791,53333,384651,44,202,1326,52386,34,1168,0,
2015-04-17,3038,0,0,0,56526,0,0,0,0,0,0,0,OX
2015-04-17,3040,6,20,8053,15750,0,0,0,8080,13,0,0,
2015-04-17,3041,66,117,29523,75799,2,0,0,29599,25,2,0,X
2015-04-17,3042,213,338,11443,77439,0,36,36,11568,0,0,0,
2015-04-17,3043,0,0,0,48719,0,0,0,0,0,0,0,OX
2015-04-17,3044,202,320,7594,131401,8,0,0,7715,3,8,0,X
2015-04-17,3045,43,8,371,855208,3,0,66,340,4,69,0,
2015-04-17,3046,0,0,0,28723,0,0,0,0,0,0,0,OX
2015-04-17,3047,58,161,21768,49722,20,4,34,21901,30,50,0,
2015-04-17,3048,409,342,15203,45155,0,18,266,15136,0,248,0,
2015-04-17,3049,0,0,0,220987,0,0,0,0,0,0,0,OX
2015-04-17,3050,21,55,10467,42116,0,0,0,10501,0,0,0,X
2015-04-17,3051,0,0,0,66806,0,0,0,0,0,0,0,OX
2015-04-17,3052,129,182,14126,56010,1,5,45,14180,1,41,0,
2015-04-17,3054,170,265,21366,26945,37,122,1113,21463,2,1028,0,
2015-04-17,3055,166,262,14591,33026,2,1,15,14687,0,16,0,
2015-04-17,3056,100,156,12819,43236,0,0,1,12875,0,1,0,X
2015-04-17,3057,348,391,21021,40256,5,11,193,21065,1,187,0,
2015-04-17,3058,44,152,9157,42879,0,2,77,9265,0,75,0,
2015-04-17,3059,349,345,26619,67533,177,264,1764,26634,19,1677,0,
2015-04-17,3060,522,359,31524,43550,156,247,1395,31380,19,1304,0,
2015-04-17,3062,274,270,18992,82395,0,0,0,18993,5,5,5,X
2015-04-17,3090,27,11,2104,39754,0,0,0,2088,0,0,0,
2015-04-17,3094,89,49,10731,20813,1,25,69,10691,0,45,0,
2015-04-17,3130,20,16,246,8279,0,0,0,242,0,0,0,X
2015-04-17,3149,605,534,19564,67195,535,32,340,19500,7,848,5,X
2015-04-17,3164,11,14,4461,22227,5,0,82,4464,0,87,0,
2015-04-17,3167,8,84,776,18176,0,0,0,852,0,0,0,X
2015-04-17,3189,162,246,12800,111500,73,31,268,12898,14,310,0,
2015-04-17,3209,59,73,4234,25960,5,0,0,4248,0,6,1,X
2015-04-17,3229,40,89,5396,15153,13,0,249,5445,0,262,0,X
2015-04-17,3231,770,831,77551,617066,333,3,76,77708,96,406,0,X
2015-04-17,3257,281,370,8162,13834,20,42,148,8251,0,126,0,
2015-04-17,3266,34,5,4062,88078,0,0,0,4033,0,0,0,
2015-04-17,3296,28,15,8485,28029,0,0,4,8472,0,4,0,
2015-04-17,3305,8,41,4988,30372,0,0,2,5021,0,2,0,
2015-04-17,3308,1294,1507,4459,24987,254,53,172,4752,80,373,0,
2015-04-17,3311,1014,1476,22415,47345,39,108,206,22877,0,137,0,
2015-04-17,3312,232,277,6668,23794,0,0,0,6713,0,0,0,
2015-04-17,3315,117,188,3598,17570,11,0,4,3669,0,15,0,X
2015-04-17,3338,12,50,6049,17437,0,0,8,6087,0,8,0,
2015-04-17,3356,46,95,3175,17494,0,0,1,3224,0,1,0,
2015-04-17,3376,56,136,5761,44681,0,3,13,5843,2,10,0,
2015-04-17,3380,434,412,10176,124281,2,4,29,10154,0,27,0,
2015-04-17,3383,1201,1626,35121,69075,10,60,85,35546,0,35,0,
2015-04-17,3406,834,1024,15608,24942,630,685,3958,15812,14,3905,2,
2015-04-17,3416,5,33,1518,15045,0,0,4,1546,0,4,0,
2015-04-17,3419,37,13,10385,30993,22,0,0,10362,1,22,0,X
2015-04-17,3432,83,88,6652,16646,102,0,0,6657,0,102,0,X
2015-04-17,3437,247,238,5217,36646,0,0,0,5209,1,1,1,X
2015-04-17,3443,23,59,6549,33502,2,1,42,6586,1,43,0,
2015-04-17,3450,776,1030,6600,19160,337,0,7,6857,3,348,4,X
2015-04-17,3454,28,66,6125,18491,0,0,0,6165,2,3,3,X
2015-04-17,3474,3711,2175,178365,1290408,2098,1142,14159,176837,8,15119,4,
2015-04-17,3481,5722,2518,294667,2345823,367,124,2804,291794,331,3047,0,
2015-04-17,3494,160,186,23266,44862,33,0,2,23292,0,35,0,X
2015-04-17,3501,22,30,6698,28941,1,20,21,6706,0,2,0,
2015-04-17,3504,767,609,6487,28514,3,133,380,6329,0,250,0,
2015-04-17,3514,628,711,53652,101904,3,0,0,53762,27,3,0,X
2015-04-17,3515,0,10,454,28760,0,1,1,464,0,0,0,
2015-04-17,3518,302,85,13373,21418,6,114,234,13166,10,126,0,
2015-04-17,3519,810,1214,39733,80462,430,8,830,40158,21,1253,1,X
2015-04-17,3533,55,102,8330,23369,7,52,65,8377,0,20,0,
2015-04-17,3535,136,61,13284,19649,0,0,2,13209,0,2,0,
2015-04-17,3536,0,0,0,16797,0,0,0,0,0,0,0,OX
2015-04-17,3545,1687,1376,47170,104341,680,231,1007,46879,20,1457,1,
2015-04-17,3550,25,17,6077,21250,0,0,0,6069,0,0,0,X
2015-04-17,3557,0,33,3480,25562,0,0,0,3513,0,0,0,OX
2015-04-17,3559,95,154,10476,29742,0,4,5,10535,0,1,0,
2015-04-17,3561,1184,1299,39263,92877,139,0,4,39474,96,144,1,X
2015-04-17,3573,14,35,7612,35011,8,0,0,7633,0,8,0,X
2015-04-17,3576,3205,3198,93471,214088,36,166,315,93466,2,185,0,
2015-04-17,3579,48,49,9379,28899,15,0,1,9380,0,16,0,X
2015-04-17,3583,127,64,7520,20284,0,53,54,7457,0,1,0,
2015-04-17,3584,321,335,14605,35167,66,43,813,14619,0,836,0,
2015-04-17,3588,47,45,6023,11617,0,2,2,6021,0,0,0,
2015-04-17,3591,111,152,9523,33190,25,0,26,9572,8,51,0,X
2015-04-17,3593,0,124,17960,28185,3,0,2074,18086,2,2077,0,OX
2015-04-17,3596,82,99,13829,47295,24,0,0,13846,0,24,0,X
2015-04-17,3598,242,164,9026,17995,14,23,247,8956,8,238,0,
2015-04-17,3605,134,149,8223,31018,7,6,28,8238,0,29,0,
2015-04-17,3607,486,644,12611,31056,18,22,141,12769,0,137,0,
2015-04-17,3617,100,180,2704,20145,0,0,2,2784,0,2,0,
2015-04-17,3622,401,95,11006,37831,39,775,1154,10704,4,418,0,
2015-04-17,3645,91,344,14505,28447,111,0,0,14758,0,111,0,X
2015-04-17,3653,33,76,9138,26706,1,12,57,9181,0,46,0,
2015-04-17,3665,303,487,9027,21752,164,0,62,9225,14,240,14,X
2015-04-17,3669,41,10,3635,24559,0,0,0,3610,6,0,0,
2015-04-17,3673,2528,1525,26175,87846,582,1343,4924,25211,39,4163,0,
2015-04-17,3679,0,2,751,20066,0,0,0,753,0,0,0,
2015-04-17,3682,0,161,46911,826406,8,0,10,47152,80,18,0,OX
2015-04-17,3686,2562,3757,54041,87418,67,39,213,55236,0,241,0,
2015-04-17,3694,1285,485,8235,32459,1,120,158,7435,0,39,0,
2015-04-17,3698,983,636,31781,135040,143,6,264,31437,3,401,0,
2015-04-17,3702,320,50,7580,413927,312,0,3,7326,16,338,23,X
2015-04-17,3703,19,13,7036,220803,0,0,153,7030,0,153,0,
2015-04-17,3704,404,657,24451,122190,1,75,75,24734,30,1,0,
2015-04-17,3705,44,63,2693,63434,0,0,0,2712,0,0,0,X
2015-04-17,3706,308,618,44703,192478,0,309,328,45014,1,19,0,
2015-04-17,4104,47,26,4597,28238,4,0,0,4576,0,4,0,X
2015-04-17,4106,133,169,8868,20846,0,13,23,8904,0,10,0,
2015-04-17,4108,284,205,12585,37688,3,28,131,12507,1,106,0,
2015-04-17,4119,16,12,3516,17413,0,0,10,3512,0,10,0,
2015-04-17,4133,6,4,1497,14886,0,0,0,1500,5,0,0,X
2015-04-17,4137,236,246,2686,19873,5,4,5,2696,0,6,0,
2015-04-17,4141,65,69,4684,37977,0,0,0,4688,0,0,0,X
2015-04-17,4142,57,48,10652,59403,0,0,0,10646,3,0,0,
2015-04-17,4144,89,123,4764,19516,3,3,18,4801,3,18,0,
2015-04-17,4164,36,28,6577,32586,2,3,28,6571,2,27,0,
2015-04-17,4306,24,41,8708,128181,8,0,3,8725,0,11,0,X
2015-04-17,4414,69,98,17071,32876,3,0,121,17100,0,124,0,
2015-04-17,4426,638,562,7977,19153,228,312,932,7901,0,848,0,
2015-04-17,4526,206,306,7966,62757,1,27,47,8066,0,21,0,
2015-04-17,4532,44,93,8887,117101,0,1,16,8936,0,15,0,
2015-04-17,4536,5,15,365,22705,0,0,2,376,1,2,0,
2015-04-17,4722,535,602,7040,22061,5,24,119,7107,0,100,0,
2015-04-17,4725,38,41,8742,72993,0,0,0,8757,12,4,4,X
2015-04-17,4733,186,185,8936,21626,52,34,429,8935,0,447,0,
2015-04-17,4737,14,13,1321,12861,0,0,0,1320,0,0,0,
2015-04-17,4746,21,27,4350,21284,0,0,0,4366,10,0,0,X
2015-04-17,4755,1,0,374,22306,0,0,0,373,0,0,0,X
2015-04-17,4904,79,170,1485,814625,1,8,31,1580,4,24,0,
2015-04-17,4906,200,480,12362,76474,0,17,17,12642,0,0,0,
2015-04-17,4915,455,525,32925,109882,111,16,1001,32997,2,1096,0,
2015-04-17,4916,86,171,4527,16974,6,2,13,4612,0,17,0,
2015-04-17,4919,174,469,6972,51888,1,3,4,7267,0,2,0,
2015-04-17,4930,409,463,5829,33575,8,5,42,5884,1,45,0,
2015-04-17,4934,3482,5180,42495,62886,470,168,945,44199,6,1253,6,
2015-04-17,4935,33,149,5941,34893,0,1,6,6057,0,5,0,
2015-04-17,4938,314,248,9644,640935,77,171,634,9578,0,541,1,
2015-04-17,4942,8,15,4788,38076,3,0,1,4830,35,4,0,X
2015-04-17,4952,316,410,5238,27203,6,7,89,5332,0,88,0,
2015-04-17,4956,31,28,6260,25102,0,0,18,6257,0,18,0,
2015-04-17,4958,571,521,15251,191942,51,24,113,15201,0,140,0,
2015-04-17,4960,92,272,22980,128932,1,3,45,23165,5,43,0,
2015-04-17,4976,10,3,536,26500,0,0,0,529,0,0,0,
2015-04-17,4977,375,410,2712,12632,1,4,27,2747,0,24,0,
2015-04-17,4984,27,47,5685,11330,0,0,36,5705,0,36,0,
2015-04-17,4994,22,17,1843,22121,13,0,0,1841,3,17,4,X
2015-04-17,4999,7,64,5955,18604,0,4,4,6012,0,0,0,
2015-04-17,5007,54,59,5871,67031,15,4,9,5879,3,20,0,
2015-04-17,5203,12,2,827,25063,0,0,0,817,0,0,0,X
2015-04-17,5215,35,98,3713,13584,47,0,0,3777,1,48,1,X
2015-04-17,5225,233,354,5685,15187,22,16,77,5806,0,83,0,
2015-04-17,5234,28,38,2935,23344,0,0,3,2946,1,3,0,
2015-04-17,5243,183,71,7083,45132,3,0,0,6971,0,4,1,X
2015-04-17,5259,235,199,13355,18008,48,98,643,13319,0,593,0,
2015-04-17,5264,278,402,8647,84926,43,0,1,8773,2,44,0,X
2015-04-17,5269,242,184,7457,14279,127,151,840,7399,0,816,0,
2015-04-17,5285,0,0,641,17000,0,0,0,641,0,0,0,
2015-04-17,5288,165,105,1326,16092,0,0,0,1266,0,0,0,X
2015-04-17,5305,442,212,16980,78908,3,5,15,16750,0,14,1,
2015-04-17,5388,564,302,11676,57749,26,34,327,11419,5,319,0,
2015-04-17,5434,29,168,3905,39477,0,0,4,4044,0,4,0,
2015-04-17,5469,289,166,21041,113859,6,2,7,20918,0,11,0,
2015-04-17,5471,78,92,3446,41969,4,0,0,3461,1,4,0,X
2015-04-17,5484,98,151,5991,29626,0,0,0,6174,130,0,0,
2015-04-17,5515,2,23,2654,88779,0,0,0,2675,0,0,0,X
2015-04-17,5519,134,2,3586,43125,0,6,6,3454,0,0,0,
2015-04-17,5521,215,44,50796,86881,2,0,1,50633,8,3,0,X
2015-04-17,5522,380,176,9247,208858,211,169,617,9043,0,659,0,
2015-04-17,5525,0,3,1682,61429,0,0,0,1685,0,0,0,
2015-04-17,5531,4,70,19188,200525,3,0,24,19254,0,27,0,
2015-04-17,5533,65,0,2303,63916,0,0,0,2238,0,0,0,
2015-04-17,5534,52,100,3260,65313,0,0,113,3308,0,113,0,
2015-04-17,5538,15,22,1234,42000,0,0,0,1241,0,0,0,
2015-04-17,5607,19,13,7022,42494,1,0,0,7016,0,1,0,X
2015-04-17,5608,19,17,5182,100848,1,0,0,5180,0,13,12,X
2015-04-17,5706,134,164,1891,15265,0,0,0,1921,0,0,0,X
2015-04-17,5871,97,98,12429,273853,3,8,68,12431,1,63,0,
2015-04-17,5880,292,55,25028,2636245,0,0,5,24821,30,5,0,
2015-04-17,5906,0,2,608,24080,0,0,0,610,0,0,0,OX
2015-04-17,5907,313,355,7509,50500,5,0,1,7551,0,6,0,X
2015-04-17,6005,390,243,27038,592268,0,0,0,26891,0,0,0,X
2015-04-17,6108,27,53,6566,39974,2,15,20,6597,5,12,5,
2015-04-17,6112,13,14,5010,22930,1,0,0,5017,6,1,0,X
2015-04-17,6115,0,13,425,44597,0,0,0,438,0,0,0,
2015-04-17,6116,6624,5653,254601,825297,582,349,1524,253741,111,1757,0,
2015-04-17,6117,740,357,3196,22162,66,32,38,2813,0,72,0,X
2015-04-17,6120,1848,1551,27251,187491,65,67,276,26956,2,274,0,
2015-04-17,6128,0,2,396,22772,0,0,0,398,0,0,0,
2015-04-17,6131,1205,152,8570,24362,226,116,1292,7517,0,1402,0,
2015-04-17,6133,101,3,9088,29251,0,0,0,8990,0,0,0,X
2015-04-17,6136,8,1,2591,28884,0,0,0,2584,0,0,0,
2015-04-17,6139,4,1,2464,47062,0,0,0,2461,0,0,0,
2015-04-17,6141,40,89,4616,33266,0,0,0,4665,0,0,0,X
2015-04-17,6142,65,51,15128,68134,0,0,1,15129,15,1,0,
2015-04-17,6145,388,236,15098,33383,0,5,5,14976,30,0,0,
2015-04-17,6152,1,35,5981,43100,0,0,28,6015,0,28,0,
2015-04-17,6153,1393,1216,41981,81198,623,298,3960,42005,201,4285,0,
2015-04-17,6155,8,7,2134,20998,0,0,0,2133,0,0,0,
2015-04-17,6164,12,19,10910,29575,5,0,1,10917,0,6,0,
2015-04-17,6165,0,0,0,23752,0,0,0,0,0,0,0,OX
2015-04-17,6166,245,235,5131,42512,51,20,243,5121,0,275,1,
2015-04-17,6168,287,401,12013,51290,40,0,0,12127,0,40,0,X
2015-04-17,6172,0,0,0,10120,0,0,0,0,0,0,0,OX
2015-04-17,6176,198,363,11364,116256,17,268,401,11530,1,150,0,
2015-04-17,6177,47,153,9351,42862,0,3,28,9478,21,25,0,
2015-04-17,6183,0,24,1959,37500,0,0,0,1983,0,0,0,X
2015-04-17,6184,5,17,604,34905,0,0,0,616,0,0,0,X
2015-04-17,6189,1,0,322,44761,0,0,0,321,0,0,0,
2015-04-17,6191,89,173,27167,132886,0,0,0,27255,4,0,0,
2015-04-17,6192,7,12,2334,29677,0,0,0,2339,0,0,0,
2015-04-17,6196,910,865,9981,41267,8,189,447,9946,10,266,0,
2015-04-17,6197,223,394,19963,43361,1,35,72,20134,0,38,0,
2015-04-17,6201,1,1,70,22300,0,0,0,70,0,0,0,
2015-04-17,6202,57,96,7225,56542,2,12,42,7264,0,32,0,
2015-04-17,6205,5,5,3379,17959,0,0,25,3379,0,25,0,
2015-04-17,6206,19,25,1795,34579,0,0,6,1802,1,6,0,
2015-04-17,6209,55,87,9795,40643,2,20,20,9843,16,2,0,
2015-04-17,6213,276,123,7421,79489,0,0,0,7268,0,0,0,
2015-04-17,6214,1978,1194,13988,66950,1,20,30,13207,3,11,0,
2015-04-17,6215,54,117,10171,20697,4,0,51,10234,0,55,0,
2015-04-17,6216,231,546,3287,19268,5,1,8,3602,0,12,0,X
2015-04-17,6224,8,1,1637,20000,4,0,0,1630,0,4,0,X
2015-04-17,6225,0,0,0,12628,0,0,0,0,0,0,0,OX
2015-04-17,6226,1539,1993,17575,23034,0,13,22,18029,0,9,0,
2015-04-17,6230,138,208,7622,21585,12,20,39,7696,4,31,0,
2015-04-17,6235,0,0,0,29113,0,0,0,0,0,0,0,OX
2015-04-17,6239,258,222,17581,194786,0,1,1,17545,0,0,0,
2015-04-17,6243,293,470,9075,18824,50,129,302,9253,1,223,0,
2015-04-17,6251,122,51,19587,71514,1,9,63,19516,0,55,0,
2015-04-17,6257,36,246,18676,90771,0,1,36,18886,0,35,0,
2015-04-17,6269,3794,4769,23768,56295,332,896,3521,24744,1,3018,61,
2015-04-17,6271,377,434,9758,40726,13,33,38,9816,1,18,0,
2015-04-17,6277,15,51,1361,29867,0,0,0,1397,0,0,0,
2015-04-17,6278,351,422,9779,70332,0,42,48,9850,0,6,0,
2015-04-17,6281,0,2,140,24793,0,0,0,142,0,0,0,X
2015-04-17,6282,454,500,31814,131468,20,42,123,31863,3,101,0,
2015-04-17,6283,0,52,876,35595,0,0,0,928,0,0,0,OX
2015-04-17,6285,2125,1771,10005,82190,39,181,443,9652,1,302,1,
2015-04-17,6286,44,73,4317,37129,1,71,86,4347,1,16,0,
2015-04-17,6289,0,0,0,67315,0,0,0,0,0,0,0,OX
2015-04-17,6405,29,20,2850,16450,5,5,15,2841,0,15,0,
2015-04-17,6409,64,97,285,17710,0,0,2,318,0,2,0,
2015-04-17,6412,5,21,1438,89713,0,0,0,1454,0,0,0,
2015-04-17,6414,29,37,2202,17170,3,4,28,2210,0,27,0,
2015-04-17,6415,68,46,457,19405,11,0,0,435,0,11,0,X
2015-04-17,6504,29,44,1096,18150,0,2,17,1111,0,15,0,
2015-04-17,6505,76,307,1606,2381489,0,17,51,1837,0,34,0,
2015-04-17,6605,169,82,4271,41454,34,0,0,4184,0,34,0,X
2015-04-17,6702,105,193,26912,143694,0,0,144,27000,0,144,0,
2015-04-17,8011,186,362,12969,25968,0,0,0,13153,8,0,0,X
2015-04-17,8016,84,181,6501,29779,0,0,0,6598,0,10,10,X
2015-04-17,8021,502,607,13360,39788,8,5,19,13465,0,22,0,
2015-04-17,8033,0,0,0,30869,0,0,0,0,0,0,0,OX
2015-04-17,8039,365,308,18939,51066,124,141,235,18905,23,218,0,
2015-04-17,8046,244,206,10392,161541,1,47,127,10354,0,81,0,
2015-04-17,8070,499,198,4379,19244,2,13,19,4078,0,8,0,
2015-04-17,8072,92,170,2166,25000,108,0,158,2244,0,266,0,
2015-04-17,8081,53,72,3340,21543,0,0,6,3359,0,6,0,
2015-04-17,8101,61,26,7885,104690,0,0,0,7850,0,0,0,X
2015-04-17,8103,59,68,5637,19555,0,1,12,5656,10,11,0,
2015-04-17,8105,74,106,27503,72140,0,5,50,27535,0,45,0,
2015-04-17,8110,114,355,22080,125167,0,13,132,22321,0,119,0,
2015-04-17,8112,1223,1001,32860,71769,0,128,156,32638,0,28,0,
2015-04-17,8114,7,29,831,16336,1,10,15,853,0,6,0,
2015-04-17,8131,177,156,4537,110555,0,2,7,4516,0,5,0,X
2015-04-17,8150,87,125,5890,216154,3,176,4169,5930,2,3996,0,
2015-04-17,8163,197,323,18326,79725,161,0,0,18452,0,161,0,X
2015-04-17,8201,35,8,3867,22273,3,0,0,3840,0,3,0,X
2015-04-17,8210,284,257,8263,30031,0,2,5,8236,0,3,0,
2015-04-17,8213,93,215,14302,67810,2,5,46,14424,0,43,0,
2015-04-17,8215,180,199,22894,80168,38,0,0,22917,4,38,0,X
2015-04-17,8249,108,120,5807,31763,12,0,0,5819,0,12,0,X
2015-04-17,8261,156,187,8464,34652,17,5,74,8505,10,86,0,
2015-04-17,8271,148,149,10668,34135,0,8,12,10669,0,4,0,
2015-04-17,8374,28,44,3099,21902,0,0,0,3115,0,0,0,
2015-04-17,8404,2369,1547,14909,55829,141,27,182,14092,5,296,0,
2015-04-17,8411,15,4,2419,37905,0,0,0,2408,0,0,0,
2015-04-17,8422,45,23,2004,27222,0,0,22,1983,1,22,0,
2015-04-17,8427,249,253,2712,26571,6,1,44,2718,2,49,0,
2015-04-17,8429,72,53,8608,30242,10,0,0,8593,4,10,0,X
2015-04-17,8443,5,3,79,16700,0,0,0,77,0,0,0,
2015-04-17,8926,162,262,5202,147262,0,0,8,5302,0,8,0,
2015-04-17,8940,0,0,1012,16872,0,1,1,1012,0,0,0,
2015-04-17,8996,55,57,8123,20314,3,2,59,8125,0,60,0,
2015-04-17,9103,22,2,4100,51382,0,0,20,4080,0,20,0,
2015-04-17,910322,0,0,7,6159,0,0,0,7,0,0,0,OX
2015-04-17,910482,0,0,8428,62642,0,0,0,8428,0,0,0,OX
2015-04-17,9105,997,2016,59772,200828,134,65,635,60797,6,704,0,
2015-04-17,9106,0,0,0,21113,0,0,0,0,0,0,0,OX
2015-04-17,910801,280,491,16006,29122,0,50,114,16221,4,64,0,
2015-04-17,910861,0,0,0,7437,0,0,0,0,0,0,0,OX
2015-04-17,911609,0,0,0,9289,0,0,0,0,0,0,0,OX
2015-04-17,911611,312,214,19198,31427,24,2,3,19100,0,25,0,
2015-04-17,911612,527,247,4469,38945,0,27,27,4189,0,0,0,
2015-04-17,911616,150,107,13121,32500,6,1,6,13078,0,11,0,
2015-04-17,911619,0,0,0,8965,0,0,0,0,0,0,0,OX
2015-04-17,911868,0,0,0,23900,0,0,0,0,0,0,0,OX
2015-04-17,912000,0,0,0,13197,0,0,0,0,0,0,0,OX
2015-04-17,912398,0,0,0,10096,0,0,0,0,0,0,0,OX
2015-04-17,9136,260,299,14840,30910,0,257,257,14879,0,0,0,
2015-04-17,913889,0,25,1165,15135,0,0,41,1190,0,41,0,OX
2015-04-17,9157,0,0,0,29323,0,0,0,0,0,0,0,OX
2015-04-17,9188,49,70,3525,18589,0,0,171,3546,0,171,0,
2015-04-17,9802,544,758,6345,32740,78,0,0,6559,0,101,23,X
2015-04-17,9902,287,219,12901,24512,1,0,2,12833,0,3,0,
2015-04-17,9904,355,176,7672,736034,45,88,381,7503,10,338,0,
2015-04-17,9905,6,8,1002,76250,0,0,0,1004,0,0,0,X
2015-04-17,9906,325,346,3955,10500,122,0,1,3976,0,123,0,X
2015-04-17,9907,448,376,15745,394786,34,2,182,15719,46,214,0,
2015-04-17,9908,0,0,1116,129089,0,0,0,1116,0,0,0,
2015-04-17,9910,649,331,4954,144751,98,395,704,4636,0,407,0,
2015-04-17,9911,76,123,6956,65041,0,0,2,7003,0,2,0,
2015-04-17,9912,3,14,2895,13460,0,0,0,2906,0,0,0,
2015-04-17,9914,32,22,775,74745,0,0,0,765,0,2,2,X
2015-04-17,9917,6,7,371,112799,0,0,0,372,0,0,0,X
2015-04-17,9918,1,4,20,45134,0,0,0,23,0,0,0,X
2015-04-17,9919,264,131,5171,49281,0,0,0,5040,2,0,0,
2015-04-17,9921,47,3,313,93766,2,0,0,269,0,2,0,X
2015-04-17,9924,52,161,2902,47113,0,3,3,3021,10,0,0,
2015-04-17,9925,0,3,195,95913,0,0,0,198,0,0,0,X
2015-04-17,9926,1,1,3,41690,0,0,0,3,0,0,0,
2015-04-17,9927,18,19,1451,52287,0,0,0,1452,0,0,0,
2015-04-17,9928,0,0,0,22933,0,0,0,0,0,0,0,OX
2015-04-17,9929,0,0,0,23950,0,0,0,0,0,0,0,OX
2015-04-17,9930,1,1,115,56486,0,0,0,115,0,0,0,
2015-04-17,9931,2,2,26,25562,0,0,0,26,0,0,0,
2015-04-17,9933,50,105,894,189661,0,0,0,949,0,0,0,X
2015-04-17,9934,180,242,17332,88576,0,0,1,17412,18,1,0,X
2015-04-17,9935,0,0,0,25372,0,0,0,0,0,0,0,OX
2015-04-17,9937,1,0,4927,77260,0,0,6,4926,0,6,0,X
2015-04-17,9938,786,1097,8186,74490,411,173,1167,8497,0,1405,0,
2015-04-17,9939,335,106,9497,64961,44,27,74,9308,40,91,0,
2015-04-17,9940,44,4,1359,153359,0,0,44,1319,0,44,0,
2015-04-17,9941,13,70,2319,66018,0,0,0,2376,0,0,0,
2015-04-17,9942,78,97,1934,20790,0,2,6,1953,0,4,0,
2015-04-17,9943,905,533,3491,36829,0,2,11,3119,0,9,0,
2015-04-17,9944,312,36,14856,26533,8,21,50,14589,9,37,0,X
2015-04-17,9945,704,966,21632,298147,9,9,113,21895,1,114,1,
2015-04-17,9946,332,78,8763,54034,5,2,342,8673,164,345,0,
2015-04-17,9955,10,13,2062,25802,0,0,0,2065,0,0,0,X
2015-04-17,9958,1,1,5143,45479,0,0,0,5143,0,0,0,
